3590	0	0	0	3590	3570	3590	2250	25	45	43	23	2682	2682	
3589	0	0	0	3590	3570	3589	2250	25	45	43	23	2682	2682	
3589	0	0	0	3590	3570	3589	2250	25	45	43	23	2682	2682	
3588	0	0	0	3590	3570	3588	2250	25	45	43	23	2682	2682	
3587	0	0	0	3590	3570	3587	2250	25	45	43	23	2682	2682	
3586	0	0	1	3590	3570	3586	2250	25	45	43	23	2682	2682	
3584	0	0	0	3590	3570	3584	2250	25	45	43	23	2682	2682	
3583	0	0	1	3590	3570	3583	2250	25	45	43	23	2682	2682	
3580	0	0	1	3590	3570	3580	2250	25	45	43	23	2682	2682	
3578	0	0	1	3590	3570	3578	2250	25	45	43	23	2682	2682	
3576	0	0	0	3590	3570	3576	2250	25	45	43	23	2682	2682	
3574	0	0	0	3590	3570	3574	2250	25	45	43	23	2682	2682	
3571	0	0	1	3590	3570	3571	2250	25	45	43	23	2682	2682	
3568	1	0	1	3570	3550	3568	2250	25	45	43	23	2682	2682	
3566	1	0	1	3570	3550	3566	2250	25	45	43	23	2682	2682	
3563	1	0	1	3570	3550	3563	2250	25	45	43	23	2682	2682	
3560	1	0	1	3570	3550	3560	2250	25	45	43	23	2682	2682	
3558	1	0	1	3570	3550	3558	2250	25	45	43	23	2682	2682	
3556	1	0	1	3570	3550	3556	2250	25	45	43	23	2682	2682	
3554	1	0	1	3570	3550	3554	2250	25	45	43	23	2682	2682	
3551	1	0	1	3570	3550	3551	2250	25	45	43	23	2682	2682	
3549	2	0	1	3550	3530	3549	2250	25	45	43	23	2682	2682	
3547	2	0	1	3550	3530	3547	2250	25	45	43	23	2682	2682	
3544	2	0	1	3550	3530	3544	2250	25	45	43	23	2682	2682	
3542	2	0	1	3550	3530	3542	2250	25	45	43	23	2682	2682	
3539	2	0	1	3550	3530	3539	2250	25	45	43	23	2682	2682	
3537	2	0	1	3550	3530	3537	2250	25	45	43	23	2682	2682	
3534	2	0	1	3550	3530	3534	2250	25	45	43	23	2682	2682	
3532	2	0	1	3550	3530	3532	2250	25	45	43	23	2682	2682	
3529	3	0	1	3530	3510	3529	2250	25	45	43	23	2682	2682	
3526	3	0	1	3530	3510	3526	2250	25	45	43	23	2682	2682	
3524	3	0	1	3530	3510	3524	2250	25	45	43	23	2682	2682	
3522	3	0	1	3530	3510	3522	2250	25	45	43	23	2682	2682	
3519	3	0	1	3530	3510	3519	2250	25	45	43	23	2682	2682	
3517	3	0	1	3530	3510	3517	2250	25	45	43	23	2682	2682	
3515	3	0	1	3530	3510	3515	2250	25	45	43	23	2682	2682	
3513	3	0	1	3530	3510	3513	2250	25	45	43	23	2682	2682	
3510	4	0	1	3510	3490	3510	2250	25	45	43	23	2682	2682	
3507	4	0	1	3510	3490	3507	2250	25	45	43	23	2682	2682	
3505	4	0	1	3510	3490	3505	2250	25	45	43	23	2682	2682	
3502	4	0	1	3510	3490	3502	2250	25	45	43	23	2682	2682	
3499	4	0	1	3510	3490	3499	2250	25	45	43	23	2682	2682	
3497	4	0	1	3510	3490	3497	2250	25	45	43	23	2682	2682	
3494	4	0	1	3510	3490	3494	2250	25	45	43	23	2682	2682	
3492	4	0	1	3510	3490	3492	2250	25	45	43	23	2682	2682	
3489	5	0	1	3490	3470	3489	2250	25	45	43	23	2682	2682	
3487	5	0	1	3490	3470	3487	2250	25	45	43	23	2682	2682	
3485	5	0	1	3490	3470	3485	2250	25	45	43	23	2682	2682	
3482	5	0	1	3490	3470	3482	2250	25	45	43	23	2682	2682	
3479	5	0	1	3490	3470	3479	2250	25	45	43	23	2682	2682	
3477	5	0	1	3490	3470	3477	2250	25	45	43	23	2682	2682	
3475	5	0	1	3490	3470	3475	2250	25	45	43	23	2682	2682	
3472	5	0	1	3490	3470	3472	2250	25	45	43	23	2682	2682	
3470	6	0	1	3470	3450	3470	2250	25	45	43	23	2682	2682	
3467	6	0	1	3470	3450	3467	2250	25	45	43	23	2682	2682	
3465	6	0	1	3470	3450	3465	2250	25	45	43	23	2682	2682	
3462	6	0	1	3470	3450	3462	2250	25	45	43	23	2682	2682	
3460	6	0	1	3470	3450	3460	2250	25	45	43	23	2682	2682	
3457	6	0	1	3470	3450	3457	2250	25	45	43	23	2682	2682	
3455	6	0	1	3470	3450	3455	2251	25	45	43	23	2682	2682	
3452	6	0	1	3470	3450	3452	2250	25	45	43	23	2682	2682	
3449	7	0	1	3450	3430	3449	2250	25	45	43	23	2682	2682	
3447	7	0	1	3450	3430	3447	2250	25	45	43	23	2682	2682	
3444	7	0	1	3450	3430	3444	2250	25	45	43	23	2682	2682	
3442	7	0	1	3450	3430	3442	2250	25	45	43	23	2682	2682	
3440	7	0	1	3450	3430	3440	2250	25	45	43	23	2682	2682	
3437	7	0	1	3450	3430	3437	2250	25	45	43	23	2682	2682	
3434	7	0	1	3450	3430	3434	2250	25	45	43	23	2682	2682	
3432	7	0	1	3450	3430	3432	2250	25	45	43	23	2682	2682	
3430	8	0	1	3430	3410	3430	2250	25	45	43	23	2682	2682	
3427	8	0	1	3430	3410	3427	2250	25	45	43	23	2682	2682	
3425	8	0	1	3430	3410	3425	2250	25	45	43	23	2682	2682	
3422	8	0	1	3430	3410	3422	2250	25	45	43	23	2682	2682	
3420	8	0	1	3430	3410	3420	2250	25	45	43	23	2682	2682	
3417	8	0	1	3430	3410	3417	2250	25	45	43	23	2682	2682	
3414	8	0	1	3430	3410	3414	2250	25	45	43	23	2682	2682	
3412	8	0	1	3430	3410	3412	2250	25	45	43	23	2682	2682	
3410	9	0	1	3410	3390	3410	2250	25	45	43	23	2682	2682	
3407	9	0	1	3410	3390	3407	2250	25	45	43	23	2682	2682	
3404	9	0	1	3410	3390	3404	2250	25	45	43	23	2682	2682	
3402	9	0	1	3410	3390	3402	2250	25	45	43	23	2682	2682	
3400	9	0	1	3410	3390	3400	2250	25	45	43	23	2682	2682	
3397	9	0	1	3410	3390	3397	2250	25	45	43	23	2682	2682	
3395	9	0	1	3410	3390	3395	2250	25	45	43	23	2682	2682	
3392	9	0	1	3410	3390	3392	2250	25	45	43	23	2682	2682	
3390	10	0	1	3390	3370	3390	2250	25	45	43	23	2682	2682	
3387	10	0	1	3390	3370	3387	2250	25	45	43	23	2682	2682	
3385	10	0	1	3390	3370	3385	2250	25	45	43	23	2682	2682	
3382	10	0	1	3390	3370	3382	2250	25	45	43	23	2682	2682	
3379	10	0	1	3390	3370	3379	2251	25	45	43	23	2682	2682	
3377	10	0	1	3390	3370	3377	2250	25	45	43	23	2682	2682	
3375	10	0	1	3390	3370	3375	2250	25	45	43	23	2682	2682	
3372	10	0	1	3390	3370	3372	2250	25	45	43	23	2682	2682	
3370	11	0	1	3370	3350	3370	2250	25	45	43	23	2682	2682	
3367	11	0	1	3370	3350	3367	2250	25	45	43	23	2682	2682	
3365	11	0	1	3370	3350	3365	2250	25	45	43	23	2682	2682	
3362	11	0	1	3370	3350	3362	2250	25	45	43	23	2682	2682	
3360	11	0	1	3370	3350	3360	2250	25	45	43	23	2682	2682	
3357	11	0	1	3370	3350	3357	2250	25	45	43	23	2682	2682	
3355	11	0	1	3370	3350	3355	2251	25	45	43	23	2682	2682	
3353	11	0	1	3370	3350	3353	2250	25	45	43	23	2682	2682	
3350	12	0	1	3350	3330	3350	2250	25	45	43	23	2682	2682	
3347	12	0	1	3350	3330	3347	2251	25	45	43	23	2682	2682	
3345	12	0	1	3350	3330	3345	2250	25	45	43	23	2682	2682	
3342	12	0	1	3350	3330	3342	2250	25	45	43	23	2682	2682	
3340	12	0	1	3350	3330	3340	2250	25	45	43	23	2682	2682	
3337	12	0	1	3350	3330	3337	2250	25	45	43	23	2682	2682	
3334	12	0	1	3350	3330	3334	2250	25	45	43	23	2682	2682	
3332	12	0	1	3350	3330	3332	2251	25	45	43	23	2682	2682	
3330	13	0	1	3330	3310	3330	2250	25	45	43	23	2682	2682	
3327	13	0	1	3330	3310	3327	2250	25	45	43	23	2682	2682	
3325	13	0	1	3330	3310	3325	2250	25	45	43	23	2682	2682	
3323	13	0	1	3330	3310	3323	2250	25	45	43	23	2682	2682	
3320	13	0	1	3330	3310	3320	2250	25	45	43	23	2682	2682	
3317	13	0	1	3330	3310	3317	2250	25	45	43	23	2682	2682	
3315	13	0	1	3330	3310	3315	2251	25	45	43	23	2682	2682	
3313	13	0	1	3330	3310	3313	2251	25	45	43	23	2682	2682	
3310	14	0	1	3310	3290	3310	2251	25	45	43	23	2682	2682	
3307	14	0	1	3310	3290	3307	2250	25	45	43	23	2682	2682	
3304	14	0	1	3310	3290	3304	2250	25	45	43	23	2682	2682	
3302	14	0	1	3310	3290	3302	2250	25	45	43	23	2682	2682	
3300	14	0	1	3310	3290	3300	2250	25	45	43	23	2682	2682	
3297	14	0	1	3310	3290	3297	2250	25	45	43	23	2682	2682	
3295	14	0	1	3310	3290	3295	2250	25	45	43	23	2682	2682	
3292	14	0	1	3310	3290	3292	2250	25	45	43	23	2682	2682	
3290	15	0	1	3290	3270	3290	2251	25	45	43	23	2682	2682	
3287	15	0	1	3290	3270	3287	2251	25	45	43	23	2682	2682	
3285	15	0	1	3290	3270	3285	2251	25	45	43	23	2682	2682	
3282	15	0	1	3290	3270	3282	2250	25	45	43	23	2682	2682	
3280	15	0	1	3290	3270	3280	2250	25	45	43	23	2682	2682	
3277	15	0	1	3290	3270	3277	2251	25	45	43	23	2682	2682	
3275	15	0	1	3290	3270	3275	2251	25	45	43	23	2682	2682	
3272	15	0	1	3290	3270	3272	2250	25	45	43	23	2682	2682	
3270	16	0	1	3270	3250	3270	2250	25	45	43	23	2682	2682	
3267	16	0	1	3270	3250	3267	2251	25	45	43	23	2682	2682	
3265	16	0	1	3270	3250	3265	2251	25	45	43	23	2682	2682	
3262	16	0	1	3270	3250	3262	2251	25	45	43	23	2682	2682	
3260	16	0	1	3270	3250	3260	2250	25	45	43	23	2682	2682	
3257	16	0	1	3270	3250	3257	2250	25	45	43	23	2682	2682	
3255	16	0	1	3270	3250	3255	2250	25	45	43	23	2682	2682	
3252	16	0	1	3270	3250	3252	2250	25	45	43	23	2682	2682	
3249	17	0	1	3250	3230	3249	2251	25	45	43	23	2682	2682	
3247	17	0	1	3250	3230	3247	2251	25	45	43	23	2682	2682	
3245	17	0	1	3250	3230	3245	2250	25	45	43	23	2682	2682	
3242	17	0	1	3250	3230	3242	2250	25	45	43	23	2682	2682	
3240	17	0	1	3250	3230	3240	2251	25	45	43	23	2682	2682	
3237	17	0	1	3250	3230	3237	2251	25	45	43	23	2682	2682	
3234	17	0	1	3250	3230	3234	2251	25	45	43	23	2682	2682	
3232	17	0	1	3250	3230	3232	2251	25	45	43	23	2682	2682	
3230	18	0	1	3230	3210	3230	2250	25	45	43	23	2682	2682	
3227	18	0	1	3230	3210	3227	2250	25	45	43	23	2682	2682	
3224	18	0	1	3230	3210	3224	2251	25	45	43	23	2682	2682	
3222	18	0	1	3230	3210	3222	2250	25	45	43	23	2682	2682	
3220	18	0	1	3230	3210	3220	2250	25	45	43	23	2682	2682	
3217	18	0	1	3230	3210	3217	2251	25	45	43	23	2682	2682	
3215	18	0	1	3230	3210	3215	2251	25	45	43	23	2682	2682	
3212	18	0	1	3230	3210	3212	2251	25	45	43	23	2682	2682	
3210	19	0	1	3210	3190	3210	2250	25	45	43	23	2682	2682	
3207	19	0	1	3210	3190	3207	2250	25	45	43	23	2682	2682	
3204	19	0	1	3210	3190	3204	2250	25	45	43	23	2682	2682	
3202	19	0	1	3210	3190	3202	2250	25	45	43	23	2682	2682	
3200	19	0	1	3210	3190	3200	2251	25	45	43	23	2682	2682	
3197	19	0	1	3210	3190	3197	2250	25	45	43	23	2682	2682	
3194	19	0	1	3210	3190	3194	2250	25	45	43	23	2682	2682	
3192	19	0	1	3210	3190	3192	2250	25	45	43	23	2682	2682	
3189	20	0	1	3190	3170	3189	2250	25	45	43	23	2682	2682	
3187	20	0	1	3190	3170	3187	2250	25	45	43	23	2682	2682	
3184	20	0	1	3190	3170	3184	2251	25	45	43	23	2682	2682	
3182	20	0	1	3190	3170	3182	2251	25	45	43	23	2682	2682	
3179	20	0	1	3190	3170	3179	2250	25	45	43	23	2682	2682	
3177	20	0	1	3190	3170	3177	2250	25	45	43	23	2682	2682	
3174	20	0	1	3190	3170	3174	2250	25	45	43	23	2682	2682	
3171	20	0	1	3190	3170	3171	2250	25	45	43	23	2682	2682	
3168	21	0	1	3170	3150	3168	2251	25	45	43	23	2682	2682	
3166	21	0	1	3170	3150	3166	2250	25	45	43	23	2682	2682	
3164	21	0	1	3170	3150	3164	2250	25	45	43	23	2682	2682	
3162	21	0	1	3170	3150	3162	2251	25	45	43	23	2682	2682	
3160	21	0	1	3170	3150	3160	2250	25	45	43	23	2682	2682	
3157	21	0	1	3170	3150	3157	2250	25	45	43	23	2682	2682	
3155	21	0	1	3170	3150	3155	2250	25	45	43	23	2682	2682	
3152	21	0	1	3170	3150	3152	2250	25	45	43	23	2682	2682	
3149	22	0	1	3150	3130	3149	2251	25	45	43	23	2682	2682	
3147	22	0	1	3150	3130	3147	2251	25	45	43	23	2682	2682	
3144	22	0	1	3150	3130	3144	2251	25	45	43	23	2682	2682	
3142	22	0	1	3150	3130	3142	2251	25	45	43	23	2682	2682	
3139	22	0	1	3150	3130	3139	2250	25	45	43	23	2682	2682	
3137	22	0	1	3150	3130	3137	2250	25	45	43	23	2682	2682	
3134	22	0	1	3150	3130	3134	2250	25	45	43	23	2682	2682	
3132	22	0	1	3150	3130	3132	2250	25	45	43	23	2682	2682	
3129	23	0	1	3130	3110	3129	2251	25	45	43	23	2682	2682	
3127	23	0	1	3130	3110	3127	2250	25	45	43	23	2682	2682	
3124	23	0	1	3130	3110	3124	2250	25	45	43	23	2682	2682	
3122	23	0	1	3130	3110	3122	2250	25	45	43	23	2682	2682	
3119	23	0	1	3130	3110	3119	2251	25	45	43	23	2682	2682	
3117	23	0	1	3130	3110	3117	2251	25	45	43	23	2682	2682	
3115	23	0	1	3130	3110	3115	2250	25	45	43	23	2682	2682	
3112	23	0	1	3130	3110	3112	2250	25	45	43	23	2682	2682	
3110	24	0	1	3110	3090	3110	2251	25	45	43	23	2682	2682	
3107	24	0	1	3110	3090	3107	2251	25	45	43	23	2682	2682	
3104	24	0	1	3110	3090	3104	2251	25	45	43	23	2682	2682	
3101	24	0	1	3110	3090	3101	2250	25	45	43	23	2682	2682	
3099	24	0	1	3110	3090	3099	2250	25	45	43	23	2682	2682	
3097	24	0	1	3110	3090	3097	2251	25	45	43	23	2682	2682	
3094	24	0	1	3110	3090	3094	2251	25	45	43	23	2682	2682	
3092	24	0	1	3110	3090	3092	2251	25	45	43	23	2682	2682	
3089	25	0	1	3090	3070	3089	2251	25	45	43	23	2682	2682	
3087	25	0	1	3090	3070	3087	2251	25	45	43	23	2682	2682	
3085	25	0	1	3090	3070	3085	2251	25	45	43	23	2682	2682	
3082	25	0	1	3090	3070	3082	2251	25	45	43	23	2682	2682	
3079	25	0	1	3090	3070	3079	2251	25	45	43	23	2682	2682	
3077	25	0	1	3090	3070	3077	2251	25	45	43	23	2682	2682	
3074	25	0	1	3090	3070	3074	2251	25	45	43	23	2682	2682	
3072	25	0	1	3090	3070	3072	2251	25	45	43	23	2682	2682	
3070	26	0	1	3070	3050	3070	2250	25	45	43	23	2682	2682	
3067	26	0	1	3070	3050	3067	2250	25	45	43	23	2682	2682	
3064	26	0	1	3070	3050	3064	2251	25	45	43	23	2682	2682	
3062	26	0	1	3070	3050	3062	2251	25	45	43	23	2682	2682	
3059	26	0	1	3070	3050	3059	2251	25	45	43	23	2682	2682	
3057	26	0	1	3070	3050	3057	2251	25	45	43	23	2682	2682	
3055	26	0	1	3070	3050	3055	2251	25	45	43	23	2682	2682	
3052	26	0	1	3070	3050	3052	2251	25	45	43	23	2682	2682	
3049	27	0	1	3050	3030	3049	2251	25	45	43	23	2682	2682	
3047	27	0	1	3050	3030	3047	2251	25	45	43	23	2682	2682	
3044	27	0	1	3050	3030	3044	2250	25	45	43	23	2682	2682	
3042	27	0	1	3050	3030	3042	2250	25	45	43	23	2682	2682	
3039	27	0	1	3050	3030	3039	2250	25	45	43	23	2682	2682	
3037	27	0	1	3050	3030	3037	2250	25	45	43	23	2682	2682	
3035	27	0	1	3050	3030	3035	2251	25	45	43	23	2682	2682	
3032	27	0	1	3050	3030	3032	2251	25	45	43	23	2682	2682	
3029	28	0	1	3030	3010	3029	2250	25	45	43	23	2682	2682	
3027	28	0	1	3030	3010	3027	2250	25	45	43	23	2682	2682	
3025	28	0	1	3030	3010	3025	2251	25	45	43	23	2682	2682	
3022	28	0	1	3030	3010	3022	2251	25	45	43	23	2682	2682	
3020	28	0	1	3030	3010	3020	2251	25	45	43	23	2682	2682	
3017	28	0	1	3030	3010	3017	2251	25	45	43	23	2682	2682	
3015	28	0	1	3030	3010	3015	2250	25	45	43	23	2682	2682	
3012	28	0	1	3030	3010	3012	2250	25	45	43	23	2682	2682	
3009	29	0	1	3010	2990	3009	2251	25	45	43	23	2682	2682	
3007	29	0	1	3010	2990	3007	2251	25	45	43	23	2682	2682	
3005	29	0	1	3010	2990	3005	2251	25	45	43	23	2682	2682	
3003	29	0	1	3010	2990	3003	2251	25	45	43	23	2682	2682	
3000	29	0	1	3010	2990	3000	2251	25	45	43	23	2682	2682	
2997	29	0	1	3010	2990	2997	2251	25	45	43	23	2682	2682	
2994	29	0	1	3010	2990	2994	2251	25	45	43	23	2682	2682	
2992	29	0	1	3010	2990	2992	2251	25	45	43	23	2682	2682	
2989	30	0	1	2990	2970	2989	2251	25	45	43	23	2682	2682	
2987	30	0	1	2990	2970	2987	2251	25	45	43	23	2682	2682	
2984	30	0	1	2990	2970	2984	2251	25	45	43	23	2682	2682	
2982	30	0	1	2990	2970	2982	2250	25	45	43	23	2682	2682	
2980	30	0	1	2990	2970	2980	2250	25	45	43	23	2682	2682	
2977	30	0	1	2990	2970	2977	2251	25	45	43	23	2682	2682	
2974	30	0	1	2990	2970	2974	2251	25	45	43	23	2682	2682	
2972	30	0	1	2990	2970	2972	2251	25	45	43	23	2682	2682	
2969	31	0	1	2970	2950	2969	2251	25	45	43	23	2682	2682	
2967	31	0	1	2970	2950	2967	2251	25	45	43	23	2682	2682	
2965	31	0	1	2970	2950	2965	2251	25	45	43	23	2682	2682	
2962	31	0	1	2970	2950	2962	2251	25	45	43	23	2682	2682	
2959	31	0	1	2970	2950	2959	2251	25	45	43	23	2682	2682	
2957	31	0	1	2970	2950	2957	2251	25	45	43	23	2682	2682	
2955	31	0	1	2970	2950	2955	2251	25	45	43	23	2682	2682	
2952	31	0	1	2970	2950	2952	2251	25	45	43	23	2682	2682	
2949	32	0	1	2950	2930	2949	2250	25	45	43	23	2682	2682	
2947	32	0	1	2950	2930	2947	2250	25	45	43	23	2682	2682	
2945	32	0	1	2950	2930	2945	2250	25	45	43	23	2682	2682	
2942	32	0	1	2950	2930	2942	2250	25	45	43	23	2682	2682	
2939	32	0	1	2950	2930	2939	2251	25	45	43	23	2682	2682	
2937	32	0	1	2950	2930	2937	2251	25	45	43	23	2682	2682	
2935	32	0	1	2950	2930	2935	2251	25	45	43	23	2682	2682	
2932	32	0	1	2950	2930	2932	2250	25	45	43	23	2682	2682	
2930	33	0	1	2930	2910	2930	2250	25	45	43	23	2682	2682	
2927	33	0	1	2930	2910	2927	2250	25	45	43	23	2682	2682	
2924	33	0	1	2930	2910	2924	2251	25	45	43	23	2682	2682	
2922	33	0	1	2930	2910	2922	2251	25	45	43	23	2682	2682	
2920	33	0	1	2930	2910	2920	2251	25	45	43	23	2682	2682	
2917	33	0	1	2930	2910	2917	2251	25	45	43	23	2682	2682	
2915	33	0	1	2930	2910	2915	2251	25	45	43	23	2682	2682	
2913	33	0	1	2930	2910	2913	2251	25	45	43	23	2682	2682	
2910	34	0	1	2910	2890	2910	2251	25	45	43	23	2682	2682	
2907	34	0	1	2910	2890	2907	2251	25	45	43	23	2682	2682	
2905	34	0	1	2910	2890	2905	2251	25	45	43	23	2682	2682	
2902	34	0	1	2910	2890	2902	2251	25	45	43	23	2682	2682	
2899	34	0	1	2910	2890	2899	2251	25	45	43	23	2682	2682	
2897	34	0	1	2910	2890	2897	2251	25	45	43	23	2682	2682	
2895	34	0	1	2910	2890	2895	2250	25	45	43	23	2682	2682	
2892	34	0	1	2910	2890	2892	2250	25	45	43	23	2682	2682	
2890	35	0	1	2890	2870	2890	2251	25	45	43	23	2682	2682	
2887	35	0	1	2890	2870	2887	2251	25	45	43	23	2682	2682	
2885	35	0	1	2890	2870	2885	2251	25	45	43	23	2682	2682	
2882	35	0	1	2890	2870	2882	2251	25	45	43	23	2682	2682	
2879	35	0	1	2890	2870	2879	2251	25	45	43	23	2682	2682	
2877	35	0	1	2890	2870	2877	2251	25	45	43	23	2682	2682	
2875	35	0	1	2890	2870	2875	2251	25	45	43	23	2682	2682	
2872	35	0	1	2890	2870	2872	2251	25	45	43	23	2682	2682	
2870	36	0	1	2870	2850	2870	2251	25	45	43	23	2682	2682	
2867	36	0	1	2870	2850	2867	2251	25	45	43	23	2682	2682	
2865	36	0	1	2870	2850	2865	2251	25	45	43	23	2682	2682	
2862	36	0	1	2870	2850	2862	2251	25	45	43	23	2682	2682	
2860	36	0	1	2870	2850	2860	2251	25	45	43	23	2682	2682	
2857	36	0	1	2870	2850	2857	2251	25	45	43	23	2682	2682	
2855	36	0	1	2870	2850	2855	2251	25	45	43	23	2682	2682	
2852	36	0	1	2870	2850	2852	2251	25	45	43	23	2682	2682	
2850	37	0	1	2850	2830	2850	2251	25	45	43	23	2682	2682	
2848	37	0	1	2850	2830	2848	2251	25	45	43	23	2682	2682	
2845	37	0	1	2850	2830	2845	2251	25	45	43	23	2682	2682	
2843	37	0	1	2850	2830	2843	2251	25	45	43	23	2682	2682	
2841	37	0	1	2850	2830	2841	2251	25	45	43	23	2682	2682	
2839	37	0	1	2850	2830	2839	2251	25	45	43	23	2682	2682	
2837	37	0	1	2850	2830	2837	2251	25	45	43	23	2682	2682	
2834	37	0	1	2850	2830	2834	2251	25	45	43	23	2682	2682	
2832	37	0	1	2850	2830	2832	2251	25	45	43	23	2682	2682	
2830	38	0	1	2830	2810	2830	2251	25	45	43	23	2682	2682	
2828	38	0	1	2830	2810	2828	2251	25	45	43	23	2682	2682	
2826	38	0	1	2830	2810	2826	2251	25	45	43	23	2682	2682	
2824	38	0	1	2830	2810	2824	2251	25	45	43	23	2682	2682	
2822	38	0	1	2830	2810	2822	2251	25	45	43	23	2682	2682	
2820	38	0	1	2830	2810	2820	2251	25	45	43	23	2682	2682	
2818	38	0	1	2830	2810	2818	2251	25	45	43	23	2682	2682	
2816	38	0	1	2830	2810	2816	2251	25	45	43	23	2682	2682	
2814	38	0	1	2830	2810	2814	2251	25	45	43	23	2682	2682	
2812	38	0	1	2830	2810	2812	2251	25	45	43	23	2682	2682	
2810	39	0	1	2810	2790	2810	2251	25	45	43	23	2682	2682	
2808	39	0	1	2810	2790	2808	2251	25	45	43	23	2682	2682	
2807	39	0	1	2810	2790	2807	2251	25	45	43	23	2682	2682	
2805	39	0	1	2810	2790	2805	2251	25	45	43	23	2682	2682	
2804	39	0	1	2810	2790	2804	2251	25	45	43	23	2682	2682	
2802	39	0	1	2810	2790	2802	2251	25	45	43	23	2682	2682	
2800	39	0	1	2810	2790	2800	2251	25	45	43	23	2682	2682	
2799	39	0	1	2810	2790	2799	2251	25	45	43	23	2682	2682	
2797	39	0	1	2810	2790	2797	2251	25	45	43	23	2682	2682	
2795	39	0	1	2810	2790	2795	2251	25	45	43	23	2682	2682	
2793	39	0	1	2810	2790	2793	2251	25	45	43	23	2682	2682	
2791	39	0	1	2810	2790	2791	2251	25	45	43	23	2682	2682	
2790	40	0	1	2790	2770	2790	2251	25	45	43	23	2682	2682	
2788	40	0	1	2790	2770	2788	2251	25	45	43	23	2682	2682	
2787	40	0	1	2790	2770	2787	2251	25	45	43	23	2682	2682	
2785	40	0	1	2790	2770	2785	2251	25	45	43	23	2682	2682	
2784	40	0	1	2790	2770	2784	2251	25	45	43	23	2682	2682	
2782	40	0	1	2790	2770	2782	2251	25	45	43	23	2682	2682	
2780	40	0	1	2790	2770	2780	2251	25	45	43	23	2682	2682	
2778	40	0	1	2790	2770	2778	2251	25	45	43	23	2682	2682	
2777	40	0	1	2790	2770	2777	2251	25	45	43	23	2682	2682	
2775	40	0	1	2790	2770	2775	2251	25	45	43	23	2682	2682	
2773	40	0	1	2790	2770	2773	2251	25	45	43	23	2682	2682	
2771	40	0	1	2790	2770	2771	2251	25	45	43	23	2682	2682	
2770	41	0	1	2770	2750	2770	2251	25	45	43	23	2682	2682	
2768	41	0	1	2770	2750	2768	2251	25	45	43	23	2682	2682	
2766	41	0	1	2770	2750	2766	2251	25	45	43	23	2682	2682	
2765	41	0	1	2770	2750	2765	2251	25	45	43	23	2682	2682	
2764	41	0	1	2770	2750	2764	2251	25	45	43	23	2682	2682	
2762	41	0	1	2770	2750	2762	2251	25	45	43	23	2682	2682	
2760	41	0	1	2770	2750	2760	2251	25	45	43	23	2682	2682	
2759	41	0	1	2770	2750	2759	2251	25	45	43	23	2682	2682	
2757	41	0	1	2770	2750	2757	2251	25	45	43	23	2682	2682	
2755	41	0	1	2770	2750	2755	2251	25	45	43	23	2682	2682	
2753	41	0	1	2770	2750	2753	2251	25	45	43	23	2682	2682	
2751	41	0	1	2770	2750	2751	2251	25	45	43	23	2682	2682	
2749	42	0	1	2750	2730	2749	2251	25	45	43	23	2682	2682	
2748	42	0	1	2750	2730	2748	2251	25	45	43	23	2682	2682	
2746	42	0	1	2750	2730	2746	2251	25	45	43	23	2682	2682	
2744	42	0	1	2750	2730	2744	2251	25	45	43	23	2682	2682	
2743	42	0	1	2750	2730	2743	2251	25	45	43	23	2682	2682	
2741	42	0	1	2750	2730	2741	2251	25	45	43	23	2682	2682	
2740	42	0	1	2750	2730	2740	2251	25	45	43	23	2682	2682	
2738	42	0	1	2750	2730	2738	2251	25	45	43	23	2682	2682	
2736	42	0	1	2750	2730	2736	2251	25	45	43	23	2682	2682	
2734	42	0	1	2750	2730	2734	2251	25	45	43	23	2682	2682	
2732	42	0	1	2750	2730	2732	2251	25	45	43	23	2682	2682	
2730	43	0	1	2730	2710	2730	2251	25	45	43	23	2682	2682	
2728	43	0	1	2730	2710	2728	2251	25	45	43	23	2682	2682	
2726	43	0	1	2730	2710	2726	2251	25	45	43	23	2682	2682	
2724	43	0	1	2730	2710	2724	2251	25	45	43	23	2682	2682	
2723	43	0	1	2730	2710	2723	2251	25	45	43	23	2682	2682	
2721	43	0	1	2730	2710	2721	2251	25	45	43	23	2682	2682	
2719	43	0	1	2730	2710	2719	2251	25	45	43	23	2682	2682	
2718	43	0	1	2730	2710	2718	2251	25	45	43	23	2682	2682	
2715	43	0	1	2730	2710	2715	2251	25	45	43	23	2682	2682	
2713	43	0	1	2730	2710	2713	2251	25	45	43	23	2682	2682	
2711	43	0	1	2730	2710	2711	2251	25	45	43	23	2682	2682	
2709	44	0	1	2710	2690	2709	2251	25	45	43	23	2682	2682	
2707	44	0	1	2710	2690	2707	2251	25	45	43	23	2682	2682	
2704	44	0	1	2710	2690	2704	2251	25	45	43	23	2682	2682	
2702	44	0	1	2710	2690	2702	2251	25	45	43	23	2682	2682	
2700	44	0	1	2710	2690	2700	2251	25	45	43	23	2682	2682	
2698	44	0	1	2710	2690	2698	2251	25	45	43	23	2682	2682	
2696	44	0	1	2710	2690	2696	2251	25	45	43	23	2682	2682	
2694	44	0	1	2710	2690	2694	2251	25	45	43	23	2682	2682	
2692	44	0	1	2710	2690	2692	2251	25	45	43	23	2682	2682	
2689	45	0	1	2690	2670	2689	2251	25	45	43	23	2682	2682	
2687	45	0	1	2690	2670	2687	2251	25	45	43	23	2682	2682	
2684	45	0	1	2690	2670	2684	2251	25	45	43	23	2682	2682	
2681	45	0	1	2690	2670	2681	2251	25	45	43	23	2682	2682	
2679	45	0	1	2690	2670	2679	2251	25	45	43	23	2682	2682	
2676	45	0	1	2690	2670	2676	2251	25	45	43	23	2682	2682	
2674	45	0	1	2690	2670	2674	2251	25	45	43	23	2682	2682	
2672	45	0	1	2690	2670	2672	2251	25	45	43	23	2682	2682	
2669	46	0	1	2670	2650	2669	2251	25	45	43	23	2682	2682	
2667	46	0	1	2670	2650	2667	2251	25	45	43	23	2682	2682	
2664	46	0	1	2670	2650	2664	2251	25	45	43	23	2682	2682	
2662	46	0	1	2670	2650	2662	2251	25	45	43	23	2682	2682	
2659	46	0	1	2670	2650	2659	2251	25	45	43	23	2682	2682	
2657	46	0	1	2670	2650	2657	2251	25	45	43	23	2682	2682	
2654	46	0	1	2670	2650	2654	2251	25	45	43	23	2682	2682	
2652	46	0	1	2670	2650	2652	2251	25	45	43	23	2682	2682	
2649	47	0	1	2650	2630	2649	2251	25	45	43	23	2682	2682	
2646	47	0	1	2650	2630	2646	2251	25	45	43	23	2682	2682	
2644	47	0	1	2650	2630	2644	2251	25	45	43	23	2682	2682	
2642	47	0	1	2650	2630	2642	2251	25	45	43	23	2682	2682	
2639	47	0	1	2650	2630	2639	2251	25	45	43	23	2682	2682	
2636	47	0	1	2650	2630	2636	2251	25	45	43	23	2682	2682	
2634	47	0	1	2650	2630	2634	2251	25	45	43	23	2682	2682	
2632	47	0	1	2650	2630	2632	2251	25	45	43	23	2682	2682	
2629	48	0	1	2630	2610	2629	2251	25	45	43	23	2682	2682	
2627	48	0	1	2630	2610	2627	2251	25	45	43	23	2682	2682	
2624	48	0	1	2630	2610	2624	2251	25	45	43	23	2682	2682	
2622	48	0	1	2630	2610	2622	2251	25	45	43	23	2682	2682	
2619	48	0	1	2630	2610	2619	2251	25	45	43	23	2682	2682	
2617	48	0	1	2630	2610	2617	2251	25	45	43	23	2682	2682	
2614	48	0	1	2630	2610	2614	2251	25	45	43	23	2682	2682	
2612	48	0	1	2630	2610	2612	2251	25	45	43	23	2682	2682	
2609	49	0	1	2610	2590	2609	2251	25	45	43	23	2682	2682	
2607	49	0	1	2610	2590	2607	2251	25	45	43	23	2682	2682	
2604	49	0	1	2610	2590	2604	2251	25	45	43	23	2682	2682	
2602	49	0	1	2610	2590	2602	2251	25	45	43	23	2682	2682	
2600	49	0	1	2610	2590	2600	2251	25	45	43	23	2682	2682	
2597	49	0	1	2610	2590	2597	2251	25	45	43	23	2682	2682	
2594	49	0	1	2610	2590	2594	2251	25	45	43	23	2682	2682	
2592	49	0	1	2610	2590	2592	2251	25	45	43	23	2682	2682	
2589	50	0	1	2590	2570	2589	2251	25	45	43	23	2682	2682	
2587	50	0	1	2590	2570	2587	2251	25	45	43	23	2682	2682	
2585	50	0	1	2590	2570	2585	2251	25	45	43	23	2682	2682	
2582	50	0	1	2590	2570	2582	2251	25	45	43	23	2682	2682	
2579	50	0	1	2590	2570	2579	2251	25	45	43	23	2682	2682	
2577	50	0	1	2590	2570	2577	2251	25	45	43	23	2682	2682	
2574	50	0	1	2590	2570	2574	2251	25	45	43	23	2682	2682	
2572	50	0	1	2590	2570	2572	2251	25	45	43	23	2682	2682	
2570	51	0	1	2570	2550	2570	2251	25	45	43	23	2682	2682	
2567	51	0	1	2570	2550	2567	2251	25	45	43	23	2682	2682	
2565	51	0	1	2570	2550	2565	2251	25	45	43	23	2682	2682	
2562	51	0	1	2570	2550	2562	2251	25	45	43	23	2682	2682	
2560	51	0	1	2570	2550	2560	2251	25	45	43	23	2682	2682	
2557	51	0	1	2570	2550	2557	2251	25	45	43	23	2682	2682	
2555	51	0	1	2570	2550	2555	2251	25	45	43	23	2682	2682	
2552	51	0	1	2570	2550	2552	2251	25	45	43	23	2682	2682	
2549	52	0	1	2550	2530	2549	2251	25	45	43	23	2682	2682	
2547	52	0	1	2550	2530	2547	2251	25	45	43	23	2682	2682	
2544	52	0	1	2550	2530	2544	2251	25	45	43	23	2682	2682	
2542	52	0	1	2550	2530	2542	2251	25	45	43	23	2682	2682	
2539	52	0	1	2550	2530	2539	2251	25	45	43	23	2682	2682	
2537	52	0	1	2550	2530	2537	2251	25	45	43	23	2682	2682	
2535	52	0	1	2550	2530	2535	2251	25	45	43	23	2682	2682	
2532	52	0	1	2550	2530	2532	2251	25	45	43	23	2682	2682	
2530	53	0	1	2530	2510	2530	2251	25	45	43	23	2682	2682	
2527	53	0	1	2530	2510	2527	2251	25	45	43	23	2682	2682	
2525	53	0	1	2530	2510	2525	2251	25	45	43	23	2682	2682	
2523	53	0	1	2530	2510	2523	2251	25	45	43	23	2682	2682	
2521	53	0	1	2530	2510	2521	2251	25	45	43	23	2682	2682	
2519	53	0	1	2530	2510	2519	2251	25	45	43	23	2682	2682	
2516	53	0	1	2530	2510	2516	2251	25	45	43	23	2682	2682	
2514	53	0	1	2530	2510	2514	2251	25	45	43	23	2682	2682	
2512	53	0	1	2530	2510	2512	2251	25	45	43	23	2682	2682	
2510	54	0	1	2510	2490	2510	2251	25	45	43	23	2682	2682	
2508	54	0	1	2510	2490	2508	2251	25	45	43	23	2682	2682	
2506	54	0	1	2510	2490	2506	2251	25	45	43	23	2682	2682	
2503	54	0	1	2510	2490	2503	2251	25	45	43	23	2682	2682	
2501	54	0	1	2510	2490	2501	2251	25	45	43	23	2682	2682	
2499	54	0	1	2510	2490	2499	2251	25	45	43	23	2682	2682	
2496	54	0	1	2510	2490	2496	2251	25	45	43	23	2682	2682	
2494	54	0	1	2510	2490	2494	2251	25	45	43	23	2682	2682	
2492	54	0	1	2510	2490	2492	2251	25	45	43	23	2682	2682	
2490	55	0	1	2490	2470	2490	2251	25	45	43	23	2682	2682	
2488	55	0	1	2490	2470	2488	2251	25	45	43	23	2682	2682	
2486	55	0	1	2490	2470	2486	2251	25	45	43	23	2682	2682	
2484	55	0	1	2490	2470	2484	2251	25	45	43	23	2682	2682	
2482	55	0	1	2490	2470	2482	2251	25	45	43	23	2682	2682	
2480	55	0	1	2490	2470	2480	2251	25	45	43	23	2682	2682	
2478	55	0	1	2490	2470	2478	2251	25	45	43	23	2682	2682	
2476	55	0	1	2490	2470	2476	2251	25	45	43	23	2682	2682	
2474	55	0	1	2490	2470	2474	2251	25	45	43	23	2682	2682	
2472	55	0	1	2490	2470	2472	2251	25	45	43	23	2682	2682	
2471	55	0	1	2490	2470	2471	2251	25	45	43	23	2682	2682	
2469	56	0	1	2470	2450	2469	2251	25	45	43	23	2682	2682	
2466	56	0	1	2470	2450	2466	2251	25	45	43	23	2682	2682	
2464	56	0	1	2470	2450	2464	2251	25	45	43	23	2682	2682	
2463	56	0	1	2470	2450	2463	2251	25	45	43	23	2682	2682	
2461	56	0	1	2470	2450	2461	2251	25	45	43	23	2682	2682	
2459	56	0	1	2470	2450	2459	2251	25	45	43	23	2682	2682	
2458	56	0	1	2470	2450	2458	2251	25	45	43	23	2682	2682	
2456	56	0	1	2470	2450	2456	2251	25	45	43	23	2682	2682	
2455	56	0	1	2470	2450	2455	2251	25	45	43	23	2682	2682	
2453	56	0	1	2470	2450	2453	2251	25	45	43	23	2682	2682	
2451	56	0	1	2470	2450	2451	2251	25	45	43	23	2682	2682	
2450	57	0	1	2450	2430	2450	2251	25	45	43	23	2682	2682	
2448	57	0	1	2450	2430	2448	2251	25	45	43	23	2682	2682	
2446	57	0	1	2450	2430	2446	2251	25	45	43	23	2682	2682	
2444	57	0	1	2450	2430	2444	2251	25	45	43	23	2682	2682	
2443	57	0	1	2450	2430	2443	2251	25	45	43	23	2682	2682	
2442	57	0	1	2450	2430	2442	2251	25	45	43	23	2682	2682	
2440	57	0	1	2450	2430	2440	2251	25	45	43	23	2682	2682	
2439	57	0	1	2450	2430	2439	2251	25	45	43	23	2682	2682	
2437	57	0	1	2450	2430	2437	2251	25	45	43	23	2682	2682	
2436	57	0	1	2450	2430	2436	2251	25	45	43	23	2682	2682	
2435	57	0	1	2450	2430	2435	2251	25	45	43	23	2682	2682	
2433	57	0	1	2450	2430	2433	2251	25	45	43	23	2682	2682	
2432	57	0	1	2450	2430	2432	2251	25	45	43	23	2682	2682	
2430	58	0	1	2430	2410	2430	2251	25	45	43	23	2682	2682	
2428	58	0	1	2430	2410	2428	2251	25	45	43	23	2682	2682	
2426	58	0	1	2430	2410	2426	2251	25	45	43	23	2682	2682	
2425	58	0	1	2430	2410	2425	2251	25	45	43	23	2682	2682	
2423	58	0	1	2430	2410	2423	2251	25	45	43	23	2682	2682	
2421	58	0	1	2430	2410	2421	2251	25	45	43	23	2682	2682	
2420	58	0	1	2430	2410	2420	2251	25	45	43	23	2682	2682	
2418	58	0	1	2430	2410	2418	2251	25	45	43	23	2682	2682	
2416	58	0	1	2430	2410	2416	2251	25	45	43	23	2682	2682	
2415	58	0	1	2430	2410	2415	2251	25	45	43	23	2682	2682	
2413	58	0	1	2430	2410	2413	2251	25	45	43	23	2682	2682	
2412	58	0	1	2430	2410	2412	2251	25	45	43	23	2682	2682	
2410	59	0	1	2410	2390	2410	2251	25	45	43	23	2682	2682	
2408	59	0	1	2410	2390	2408	2251	25	45	43	23	2682	2682	
2406	59	0	1	2410	2390	2406	2251	25	45	43	23	2682	2682	
2404	59	0	1	2410	2390	2404	2251	25	45	43	23	2682	2682	
2402	59	0	1	2410	2390	2402	2251	25	45	43	23	2682	2682	
2400	59	0	1	2410	2390	2400	2251	25	45	43	23	2682	2682	
2398	59	0	1	2410	2390	2398	2251	25	45	43	23	2682	2682	
2395	59	0	1	2410	2390	2395	2251	25	45	43	23	2682	2682	
2394	59	0	1	2410	2390	2394	2251	25	45	43	23	2682	2682	
2392	59	0	1	2410	2390	2392	2251	25	45	43	23	2682	2682	
2389	60	0	1	2390	2370	2389	2251	25	45	43	23	2682	2682	
2387	60	0	1	2390	2370	2387	2251	25	45	43	23	2682	2682	
2385	60	0	1	2390	2370	2385	2251	25	45	43	23	2682	2682	
2383	60	0	1	2390	2370	2383	2251	25	45	43	23	2682	2682	
2381	60	0	1	2390	2370	2381	2251	25	45	43	23	2682	2682	
2379	60	0	1	2390	2370	2379	2251	25	45	43	23	2682	2682	
2377	60	0	1	2390	2370	2377	2251	25	45	43	23	2682	2682	
2374	60	0	1	2390	2370	2374	2251	25	45	43	23	2682	2682	
2372	60	0	1	2390	2370	2372	2251	25	45	43	23	2682	2682	
2370	61	0	1	2370	2350	2370	2251	25	45	43	23	2682	2682	
2367	61	0	1	2370	2350	2367	2251	25	45	43	23	2682	2682	
2365	61	0	1	2370	2350	2365	2251	25	45	43	23	2682	2682	
2363	61	0	1	2370	2350	2363	2251	25	45	43	23	2682	2682	
2361	61	0	1	2370	2350	2361	2251	25	45	43	23	2682	2682	
2359	61	0	1	2370	2350	2359	2251	25	45	43	23	2682	2682	
2357	61	0	1	2370	2350	2357	2251	25	45	43	23	2682	2682	
2354	61	0	1	2370	2350	2354	2251	25	45	43	23	2682	2682	
2352	61	0	1	2370	2350	2352	2251	25	45	43	23	2682	2682	
2349	62	0	1	2350	2330	2349	2251	25	45	43	23	2682	2682	
2347	62	0	1	2350	2330	2347	2251	25	45	43	23	2682	2682	
2345	62	0	1	2350	2330	2345	2251	25	45	43	23	2682	2682	
2342	62	0	1	2350	2330	2342	2251	25	45	43	23	2682	2682	
2340	62	0	1	2350	2330	2340	2251	25	45	43	23	2682	2682	
2337	62	0	1	2350	2330	2337	2251	25	45	43	23	2682	2682	
2335	62	0	1	2350	2330	2335	2251	25	45	43	23	2682	2682	
2332	62	0	1	2350	2330	2332	2251	25	45	43	23	2682	2682	
2329	63	0	1	2330	2310	2329	2251	25	45	43	23	2682	2682	
2327	63	0	1	2330	2310	2327	2251	25	45	43	23	2682	2682	
2324	63	0	1	2330	2310	2324	2251	25	45	43	23	2682	2682	
2322	63	0	1	2330	2310	2322	2251	25	45	43	23	2682	2682	
2320	63	0	1	2330	2310	2320	2251	25	45	43	23	2682	2682	
2317	63	0	1	2330	2310	2317	2251	25	45	43	23	2682	2682	
2315	63	0	1	2330	2310	2315	2251	25	45	43	23	2682	2682	
2312	63	0	1	2330	2310	2312	2251	25	45	43	23	2682	2682	
2309	64	0	1	2310	2290	2309	2251	25	45	43	23	2682	2682	
2307	64	0	1	2310	2290	2307	2251	25	45	43	23	2682	2682	
2304	64	0	1	2310	2290	2304	2251	25	45	43	23	2682	2682	
2302	64	0	1	2310	2290	2302	2251	25	45	43	23	2682	2682	
2299	64	0	1	2310	2290	2299	2251	25	45	43	23	2682	2682	
2297	64	0	1	2310	2290	2297	2251	25	45	43	23	2682	2682	
2294	64	0	1	2310	2290	2294	2251	25	45	43	23	2682	2682	
2291	64	0	1	2310	2290	2291	2251	25	45	43	23	2682	2682	
2289	65	0	1	2290	2270	2289	2251	25	45	43	23	2682	2682	
2287	65	0	1	2290	2270	2287	2251	25	45	43	23	2682	2682	
2284	65	0	1	2290	2270	2284	2251	25	45	43	23	2682	2682	
2282	65	0	1	2290	2270	2282	2251	25	45	43	23	2682	2682	
2279	65	0	1	2290	2270	2279	2251	25	45	43	23	2682	2682	
2277	65	0	1	2290	2270	2277	2251	25	45	43	23	2682	2682	
2275	65	0	1	2290	2270	2275	2251	25	45	43	23	2682	2682	
2272	65	0	1	2290	2270	2272	2251	25	45	43	23	2682	2682	
2269	66	0	1	2270	2250	2269	2251	25	45	43	23	2682	2682	
2267	66	0	1	2270	2250	2267	2251	25	45	43	23	2682	2682	
2265	66	0	1	2270	2250	2265	2251	25	45	43	23	2682	2682	
2262	66	0	1	2270	2250	2262	2251	25	45	43	23	2682	2682	
2259	66	0	1	2270	2250	2259	2251	25	45	43	23	2682	2682	
2257	66	0	1	2270	2250	2257	2251	25	45	43	23	2682	2682	
2255	66	0	1	2270	2250	2255	2251	25	45	43	23	2682	2682	
2252	66	0	1	2270	2250	2252	2251	25	45	43	23	2682	2682	
2249	67	0	1	2250	2230	2249	2251	25	45	43	23	2682	2682	
2247	67	0	1	2250	2230	2247	2251	25	45	43	23	2682	2682	
2245	67	0	1	2250	2230	2245	2251	25	45	43	23	2682	2682	
2242	67	0	1	2250	2230	2242	2251	25	45	43	23	2682	2682	
2239	67	0	1	2250	2230	2239	2251	25	45	43	23	2682	2682	
2237	67	0	1	2250	2230	2237	2251	25	45	43	23	2682	2682	
2234	67	0	1	2250	2230	2234	2251	25	45	43	23	2682	2682	
2232	67	0	1	2250	2230	2232	2251	25	45	43	23	2682	2682	
2230	68	0	1	2230	2210	2230	2251	25	45	43	23	2682	2682	
2227	68	0	1	2230	2210	2227	2251	25	45	43	23	2682	2682	
2225	68	0	1	2230	2210	2225	2251	25	45	43	23	2682	2682	
2222	68	0	1	2230	2210	2222	2251	25	45	43	23	2682	2682	
2220	68	0	1	2230	2210	2220	2251	25	45	43	23	2682	2682	
2217	68	0	1	2230	2210	2217	2251	25	45	43	23	2682	2682	
2215	68	0	1	2230	2210	2215	2251	25	45	43	23	2682	2682	
2212	68	0	1	2230	2210	2212	2251	25	45	43	23	2682	2682	
2209	69	0	1	2210	2190	2209	2251	25	45	43	23	2682	2682	
2207	69	0	1	2210	2190	2207	2251	25	45	43	23	2682	2682	
2204	69	0	1	2210	2190	2204	2251	25	45	43	23	2682	2682	
2201	69	0	1	2210	2190	2201	2251	25	45	43	23	2682	2682	
2199	69	0	1	2210	2190	2199	2251	25	45	43	23	2682	2682	
2197	69	0	1	2210	2190	2197	2251	25	45	43	23	2682	2682	
2194	69	0	1	2210	2190	2194	2251	25	45	43	23	2682	2682	
2192	69	0	1	2210	2190	2192	2251	25	45	43	23	2682	2682	
2190	70	0	1	2190	2170	2190	2251	25	45	43	23	2682	2682	
2187	70	0	1	2190	2170	2187	2251	25	45	43	23	2682	2682	
2184	70	0	1	2190	2170	2184	2251	25	45	43	23	2682	2682	
2181	70	0	1	2190	2170	2181	2251	25	45	43	23	2682	2682	
2179	70	0	1	2190	2170	2179	2251	25	45	43	23	2682	2682	
2177	70	0	1	2190	2170	2177	2251	25	45	43	23	2682	2682	
2175	70	0	1	2190	2170	2175	2251	25	45	43	23	2682	2682	
2172	70	0	1	2190	2170	2172	2251	25	45	43	23	2682	2682	
2169	71	0	1	2170	2150	2169	2251	25	45	43	23	2682	2682	
2167	71	0	1	2170	2150	2167	2251	25	45	43	23	2682	2682	
2164	71	0	1	2170	2150	2164	2251	25	45	43	23	2682	2682	
2162	71	0	1	2170	2150	2162	2251	25	45	43	23	2682	2682	
2160	71	0	1	2170	2150	2160	2251	25	45	43	23	2682	2682	
2157	71	0	1	2170	2150	2157	2251	25	45	43	23	2682	2682	
2155	71	0	1	2170	2150	2155	2251	25	45	43	23	2682	2682	
2152	71	0	1	2170	2150	2152	2251	25	45	43	23	2682	2682	
2149	72	0	1	2150	2130	2149	2251	25	45	43	23	2682	2682	
2147	72	0	1	2150	2130	2147	2251	25	45	43	23	2682	2682	
2145	72	0	1	2150	2130	2145	2251	25	45	43	23	2682	2682	
2142	72	0	1	2150	2130	2142	2251	25	45	43	23	2682	2682	
2140	72	0	1	2150	2130	2140	2251	25	45	43	23	2682	2682	
2137	72	0	1	2150	2130	2137	2251	25	45	43	23	2682	2682	
2134	72	0	1	2150	2130	2134	2251	25	45	43	23	2682	2682	
2132	72	0	1	2150	2130	2132	2251	25	45	43	23	2682	2682	
2129	73	0	1	2130	2110	2129	2251	25	45	43	23	2682	2682	
2127	73	0	1	2130	2110	2127	2251	25	45	43	23	2682	2682	
2124	73	0	1	2130	2110	2124	2251	25	45	43	23	2682	2682	
2122	73	0	1	2130	2110	2122	2251	25	45	43	23	2682	2682	
2120	73	0	1	2130	2110	2120	2251	25	45	43	23	2682	2682	
2117	73	0	1	2130	2110	2117	2251	25	45	43	23	2682	2682	
2114	73	0	1	2130	2110	2114	2251	25	45	43	23	2682	2682	
2112	73	0	1	2130	2110	2112	2251	25	45	43	23	2682	2682	
2110	74	0	1	2110	2090	2110	2251	25	45	43	23	2682	2682	
2107	74	0	1	2110	2090	2107	2251	25	45	43	23	2682	2682	
2105	74	0	1	2110	2090	2105	2251	25	45	43	23	2682	2682	
2102	74	0	1	2110	2090	2102	2251	25	45	43	23	2682	2682	
2099	74	0	1	2110	2090	2099	2251	25	45	43	23	2682	2682	
2097	74	0	1	2110	2090	2097	2251	25	45	43	23	2682	2682	
2095	74	0	1	2110	2090	2095	2251	25	45	43	23	2682	2682	
2092	74	0	1	2110	2090	2092	2251	25	45	43	23	2682	2682	
2090	75	0	1	2090	2070	2090	2251	25	45	43	23	2682	2682	
2087	75	0	1	2090	2070	2087	2251	25	45	43	23	2682	2682	
2084	75	0	1	2090	2070	2084	2251	25	45	43	23	2682	2682	
2082	75	0	1	2090	2070	2082	2251	25	45	43	23	2682	2682	
2080	75	0	1	2090	2070	2080	2251	25	45	43	23	2682	2682	
2077	75	0	1	2090	2070	2077	2251	25	45	43	23	2682	2682	
2074	75	0	1	2090	2070	2074	2251	25	45	43	23	2682	2682	
2072	75	0	1	2090	2070	2072	2251	25	45	43	23	2682	2682	
2070	76	0	1	2070	2050	2070	2251	25	45	43	23	2682	2682	
2067	76	0	1	2070	2050	2067	2251	25	45	43	23	2682	2682	
2065	76	0	1	2070	2050	2065	2251	25	45	43	23	2682	2682	
2062	76	0	1	2070	2050	2062	2251	25	45	43	23	2682	2682	
2060	76	0	1	2070	2050	2060	2251	25	45	43	23	2682	2682	
2057	76	0	1	2070	2050	2057	2251	25	45	43	23	2682	2682	
2055	76	0	1	2070	2050	2055	2251	25	45	43	23	2682	2682	
2052	76	0	1	2070	2050	2052	2251	25	45	43	23	2682	2682	
2050	77	0	1	2050	2030	2050	2251	25	45	43	23	2682	2682	
2047	77	0	1	2050	2030	2047	2251	25	45	43	23	2682	2682	
2045	77	0	1	2050	2030	2045	2251	25	45	43	23	2682	2682	
2042	77	0	1	2050	2030	2042	2251	25	45	43	23	2682	2682	
2040	77	0	1	2050	2030	2040	2251	25	45	43	23	2682	2682	
2037	77	0	1	2050	2030	2037	2251	25	45	43	23	2682	2682	
2035	77	0	1	2050	2030	2035	2251	25	45	43	23	2682	2682	
2032	77	0	1	2050	2030	2032	2251	25	45	43	23	2682	2682	
2030	78	0	1	2030	2010	2030	2251	25	45	43	23	2682	2682	
2027	78	0	1	2030	2010	2027	2251	25	45	43	23	2682	2682	
2025	78	0	1	2030	2010	2025	2251	25	45	43	23	2682	2682	
2022	78	0	1	2030	2010	2022	2251	25	45	43	23	2682	2682	
2020	78	0	1	2030	2010	2020	2251	25	45	43	23	2682	2682	
2017	78	0	1	2030	2010	2017	2251	25	45	43	23	2682	2682	
2014	78	0	1	2030	2010	2014	2251	25	45	43	23	2682	2682	
2012	78	0	1	2030	2010	2012	2251	25	45	43	23	2682	2682	
2009	79	0	1	2010	1990	2009	2251	25	45	43	23	2682	2682	
2007	79	0	1	2010	1990	2007	2251	25	45	43	23	2682	2682	
2005	79	0	1	2010	1990	2005	2251	25	45	43	23	2682	2682	
2003	79	0	1	2010	1990	2003	2251	25	45	43	23	2682	2682	
2000	79	0	1	2010	1990	2000	2251	25	45	43	23	2682	2682	
1997	79	0	1	2010	1990	1997	2251	25	45	43	23	2682	2682	
1995	79	0	1	2010	1990	1995	2251	25	45	43	23	2682	2682	
1992	79	0	1	2010	1990	1992	2251	25	45	43	23	2682	2682	
1990	80	0	1	1990	1970	1990	2251	25	45	43	23	2682	2682	
1987	80	0	1	1990	1970	1987	2251	25	45	43	23	2682	2682	
1985	80	0	1	1990	1970	1985	2251	25	45	43	23	2682	2682	
1983	80	0	1	1990	1970	1983	2251	25	45	43	23	2682	2682	
1980	80	0	1	1990	1970	1980	2251	25	45	43	23	2682	2682	
1977	80	0	1	1990	1970	1977	2251	25	45	43	23	2682	2682	
1975	80	0	1	1990	1970	1975	2251	25	45	43	23	2682	2682	
1972	80	0	1	1990	1970	1972	2251	25	45	43	23	2682	2682	
1969	81	0	1	1970	1950	1969	2251	25	45	43	23	2682	2682	
1967	81	0	1	1970	1950	1967	2251	25	45	43	23	2682	2682	
1965	81	0	1	1970	1950	1965	2251	25	45	43	23	2682	2682	
1962	81	0	1	1970	1950	1962	2251	25	45	43	23	2682	2682	
1959	81	0	1	1970	1950	1959	2251	25	45	43	23	2682	2682	
1957	81	0	1	1970	1950	1957	2251	25	45	43	23	2682	2682	
1955	81	0	1	1970	1950	1955	2251	25	45	43	23	2682	2682	
1952	81	0	1	1970	1950	1952	2251	25	45	43	23	2682	2682	
1950	82	0	1	1950	1930	1950	2251	25	45	43	23	2682	2682	
1947	82	0	1	1950	1930	1947	2251	25	45	43	23	2682	2682	
1945	82	0	1	1950	1930	1945	2251	25	45	43	23	2682	2682	
1942	82	0	1	1950	1930	1942	2251	25	45	43	23	2682	2682	
1939	82	0	1	1950	1930	1939	2251	25	45	43	23	2682	2682	
1937	82	0	1	1950	1930	1937	2251	25	45	43	23	2682	2682	
1935	82	0	1	1950	1930	1935	2251	25	45	43	23	2682	2682	
1932	82	0	1	1950	1930	1932	2251	25	45	43	23	2682	2682	
1930	83	0	1	1930	1910	1930	2251	25	45	43	23	2682	2682	
1927	83	0	1	1930	1910	1927	2251	25	45	43	23	2682	2682	
1924	83	0	1	1930	1910	1924	2251	25	45	43	23	2682	2682	
1922	83	0	1	1930	1910	1922	2251	25	45	43	23	2682	2682	
1919	83	0	1	1930	1910	1919	2251	25	45	43	23	2682	2682	
1917	83	0	1	1930	1910	1917	2251	25	45	43	23	2682	2682	
1914	83	0	1	1930	1910	1914	2251	25	45	43	23	2682	2682	
1912	83	0	1	1930	1910	1912	2251	25	45	43	23	2682	2682	
1910	84	0	1	1910	1890	1910	2251	25	45	43	23	2682	2682	
1907	84	0	1	1910	1890	1907	2251	25	45	43	23	2682	2682	
1904	84	0	1	1910	1890	1904	2251	25	45	43	23	2682	2682	
1902	84	0	1	1910	1890	1902	2251	25	45	43	23	2682	2682	
1900	84	0	1	1910	1890	1900	2251	25	45	43	23	2682	2682	
1897	84	0	1	1910	1890	1897	2251	25	45	43	23	2682	2682	
1895	84	0	1	1910	1890	1895	2251	25	45	43	23	2682	2682	
1892	84	0	1	1910	1890	1892	2251	25	45	43	23	2682	2682	
1890	85	0	1	1890	1870	1890	2251	25	45	43	23	2682	2682	
1887	85	0	1	1890	1870	1887	2251	25	45	43	23	2682	2682	
1884	85	0	1	1890	1870	1884	2251	25	45	43	23	2682	2682	
1882	85	0	1	1890	1870	1882	2251	25	45	43	23	2682	2682	
1879	85	0	1	1890	1870	1879	2251	25	45	43	23	2682	2682	
1877	85	0	1	1890	1870	1877	2251	25	45	43	23	2682	2682	
1875	85	0	1	1890	1870	1875	2251	25	45	43	23	2682	2682	
1872	85	0	1	1890	1870	1872	2251	25	45	43	23	2682	2682	
1870	86	0	1	1870	1850	1870	2251	25	45	43	23	2682	2682	
1867	86	0	1	1870	1850	1867	2251	25	45	43	23	2682	2682	
1864	86	0	1	1870	1850	1864	2251	25	45	43	23	2682	2682	
1862	86	0	1	1870	1850	1862	2251	25	45	43	23	2682	2682	
1859	86	0	1	1870	1850	1859	2251	25	45	43	23	2682	2682	
1857	86	0	1	1870	1850	1857	2251	25	45	43	23	2682	2682	
1854	86	0	1	1870	1850	1854	2251	25	45	43	23	2682	2682	
1851	86	0	1	1870	1850	1851	2251	25	45	43	23	2682	2682	
1849	87	0	1	1850	1830	1849	2251	25	45	43	23	2682	2682	
1847	87	0	1	1850	1830	1847	2251	25	45	43	23	2682	2682	
1844	87	0	1	1850	1830	1844	2251	25	45	43	23	2682	2682	
1842	87	0	1	1850	1830	1842	2251	25	45	43	23	2682	2682	
1839	87	0	1	1850	1830	1839	2251	25	45	43	23	2682	2682	
1837	87	0	1	1850	1830	1837	2251	25	45	43	23	2682	2682	
1834	87	0	1	1850	1830	1834	2251	25	45	43	23	2682	2682	
1832	87	0	1	1850	1830	1832	2251	25	45	43	23	2682	2682	
1829	88	0	1	1830	1810	1829	2251	25	45	43	23	2682	2682	
1827	88	0	1	1830	1810	1827	2251	25	45	43	23	2682	2682	
1824	88	0	1	1830	1810	1824	2251	25	45	43	23	2682	2682	
1822	88	0	1	1830	1810	1822	2251	25	45	43	23	2682	2682	
1820	88	0	1	1830	1810	1820	2251	25	45	43	23	2682	2682	
1817	88	0	1	1830	1810	1817	2251	25	45	43	23	2682	2682	
1814	88	0	1	1830	1810	1814	2251	25	45	43	23	2682	2682	
1812	88	0	1	1830	1810	1812	2251	25	45	43	23	2682	2682	
1809	89	0	1	1810	1790	1809	2251	25	45	43	23	2682	2682	
1807	89	0	1	1810	1790	1807	2251	25	45	43	23	2682	2682	
1804	89	0	1	1810	1790	1804	2251	25	45	43	23	2682	2682	
1802	89	0	1	1810	1790	1802	2251	25	45	43	23	2682	2682	
1799	89	0	1	1810	1790	1799	2251	25	45	43	23	2682	2682	
1797	89	0	1	1810	1790	1797	2251	25	45	43	23	2682	2682	
1794	89	0	1	1810	1790	1794	2251	25	45	43	23	2682	2682	
1792	89	0	1	1810	1790	1792	2251	25	45	43	23	2682	2682	
1789	90	0	1	1790	1770	1789	2251	25	45	43	23	2682	2682	
1787	90	0	1	1790	1770	1787	2251	25	45	43	23	2682	2682	
1784	90	0	1	1790	1770	1784	2251	25	45	43	23	2682	2682	
1782	90	0	1	1790	1770	1782	2251	25	45	43	23	2682	2682	
1780	90	0	1	1790	1770	1780	2251	25	45	43	23	2682	2682	
1777	90	0	1	1790	1770	1777	2251	25	45	43	23	2682	2682	
1774	90	0	1	1790	1770	1774	2251	25	45	43	23	2682	2682	
1772	90	0	1	1790	1770	1772	2251	25	45	43	23	2682	2682	
1769	91	0	1	1770	1750	1769	2251	25	45	43	23	2682	2682	
1767	91	0	1	1770	1750	1767	2251	25	45	43	23	2682	2682	
1764	91	0	1	1770	1750	1764	2251	25	45	43	23	2682	2682	
1762	91	0	1	1770	1750	1762	2251	25	45	43	23	2682	2682	
1759	91	0	1	1770	1750	1759	2251	25	45	43	23	2682	2682	
1757	91	0	1	1770	1750	1757	2251	25	45	43	23	2682	2682	
1754	91	0	1	1770	1750	1754	2251	25	45	43	23	2682	2682	
1752	91	0	1	1770	1750	1752	2251	25	45	43	23	2682	2682	
1749	92	0	1	1750	1730	1749	2251	25	45	43	23	2682	2682	
1747	92	0	1	1750	1730	1747	2251	25	45	43	23	2682	2682	
1744	92	0	1	1750	1730	1744	2251	25	45	43	23	2682	2682	
1742	92	0	1	1750	1730	1742	2251	25	45	43	23	2682	2682	
1740	92	0	1	1750	1730	1740	2251	25	45	43	23	2682	2682	
1737	92	0	1	1750	1730	1737	2251	25	45	43	23	2682	2682	
1734	92	0	1	1750	1730	1734	2251	25	45	43	23	2682	2682	
1732	92	0	1	1750	1730	1732	2251	25	45	43	23	2682	2682	
1729	93	0	1	1730	1710	1729	2251	25	45	43	23	2682	2682	
1727	93	0	1	1730	1710	1727	2251	25	45	43	23	2682	2682	
1724	93	0	1	1730	1710	1724	2251	25	45	43	23	2682	2682	
1722	93	0	1	1730	1710	1722	2251	25	45	43	23	2682	2682	
1719	93	0	1	1730	1710	1719	2251	25	45	43	23	2682	2682	
1717	93	0	1	1730	1710	1717	2251	25	45	43	23	2682	2682	
1714	93	0	1	1730	1710	1714	2251	25	45	43	23	2682	2682	
1712	93	0	1	1730	1710	1712	2251	25	45	43	23	2682	2682	
1709	94	0	1	1710	1690	1709	2251	25	45	43	23	2682	2682	
1707	94	0	1	1710	1690	1707	2251	25	45	43	23	2682	2682	
1705	94	0	1	1710	1690	1705	2251	25	45	43	23	2682	2682	
1702	94	0	1	1710	1690	1702	2251	25	45	43	23	2682	2682	
1699	94	0	1	1710	1690	1699	2251	25	45	43	23	2682	2682	
1697	94	0	1	1710	1690	1697	2251	25	45	43	23	2682	2682	
1694	94	0	1	1710	1690	1694	2251	25	45	43	23	2682	2682	
1692	94	0	1	1710	1690	1692	2251	25	45	43	23	2682	2682	
1690	95	0	1	1690	1670	1690	2251	25	45	43	23	2682	2682	
1687	95	0	1	1690	1670	1687	2251	25	45	43	23	2682	2682	
1684	95	0	1	1690	1670	1684	2251	25	45	43	23	2682	2682	
1682	95	0	1	1690	1670	1682	2251	25	45	43	23	2682	2682	
1679	95	0	1	1690	1670	1679	2251	25	45	43	23	2682	2682	
1677	95	0	1	1690	1670	1677	2251	25	45	43	23	2682	2682	
1674	95	0	1	1690	1670	1674	2251	25	45	43	23	2682	2682	
1672	95	0	1	1690	1670	1672	2251	25	45	43	23	2682	2682	
1669	96	0	1	1670	1650	1669	2251	25	45	43	23	2682	2682	
1667	96	0	1	1670	1650	1667	2251	25	45	43	23	2682	2682	
1665	96	0	1	1670	1650	1665	2251	25	45	43	23	2682	2682	
1662	96	0	1	1670	1650	1662	2251	25	45	43	23	2682	2682	
1659	96	0	1	1670	1650	1659	2251	25	45	43	23	2682	2682	
1657	96	0	1	1670	1650	1657	2251	25	45	43	23	2682	2682	
1654	96	0	1	1670	1650	1654	2251	25	45	43	23	2682	2682	
1652	96	0	1	1670	1650	1652	2251	25	45	43	23	2682	2682	
1649	97	0	1	1650	1630	1649	2251	25	45	43	23	2682	2682	
1647	97	0	1	1650	1630	1647	2251	25	45	43	23	2682	2682	
1645	97	0	1	1650	1630	1645	2251	25	45	43	23	2682	2682	
1642	97	0	1	1650	1630	1642	2251	25	45	43	23	2682	2682	
1639	97	0	1	1650	1630	1639	2251	25	45	43	23	2682	2682	
1637	97	0	1	1650	1630	1637	2251	25	45	43	23	2682	2682	
1634	97	0	1	1650	1630	1634	2251	25	45	43	23	2682	2682	
1632	97	0	1	1650	1630	1632	2251	25	45	43	23	2682	2682	
1630	98	0	1	1630	1610	1630	2251	25	45	43	23	2682	2682	
1627	98	0	1	1630	1610	1627	2251	25	45	43	23	2682	2682	
1625	98	0	1	1630	1610	1625	2251	25	45	43	23	2682	2682	
1622	98	0	1	1630	1610	1622	2251	25	45	43	23	2682	2682	
1620	98	0	1	1630	1610	1620	2251	25	45	43	23	2682	2682	
1617	98	0	1	1630	1610	1617	2251	25	45	43	23	2682	2682	
1614	98	0	1	1630	1610	1614	2251	25	45	43	23	2682	2682	
1612	98	0	1	1630	1610	1612	2251	25	45	43	23	2682	2682	
1610	99	0	1	1610	1590	1610	2251	25	45	43	23	2682	2682	
1607	99	0	1	1610	1590	1607	2251	25	45	43	23	2682	2682	
1605	99	0	1	1610	1590	1605	2251	25	45	43	23	2682	2682	
1602	99	0	1	1610	1590	1602	2251	25	45	43	23	2682	2682	
1600	99	0	1	1610	1590	1600	2251	25	45	43	23	2682	2682	
1597	99	0	1	1610	1590	1597	2251	25	45	43	23	2682	2682	
1595	99	0	1	1610	1590	1595	2251	25	45	43	23	2682	2682	
1592	99	0	1	1610	1590	1592	2251	25	45	43	23	2682	2682	
1590	100	0	1	1590	1570	1590	2251	25	45	43	23	2682	2682	
1587	100	0	1	1590	1570	1587	2251	25	45	43	23	2682	2682	
1585	100	0	1	1590	1570	1585	2251	25	45	43	23	2682	2682	
1582	100	0	1	1590	1570	1582	2251	25	45	43	23	2682	2682	
1580	100	0	1	1590	1570	1580	2251	25	45	43	23	2682	2682	
1577	100	0	1	1590	1570	1577	2251	25	45	43	23	2682	2682	
1575	100	0	1	1590	1570	1575	2251	25	45	43	23	2682	2682	
1572	100	0	1	1590	1570	1572	2251	25	45	43	23	2682	2682	
1570	101	0	1	1570	1550	1570	2251	25	45	43	23	2682	2682	
1567	101	0	1	1570	1550	1567	2251	25	45	43	23	2682	2682	
1565	101	0	1	1570	1550	1565	2251	25	45	43	23	2682	2682	
1562	101	0	1	1570	1550	1562	2251	25	45	43	23	2682	2682	
1560	101	0	1	1570	1550	1560	2251	25	45	43	23	2682	2682	
1557	101	0	1	1570	1550	1557	2251	25	45	43	23	2682	2682	
1555	101	0	1	1570	1550	1555	2251	25	45	43	23	2682	2682	
1552	101	0	1	1570	1550	1552	2251	25	45	43	23	2682	2682	
1550	102	0	1	1550	1530	1550	2251	25	45	43	23	2682	2682	
1547	102	0	1	1550	1530	1547	2251	25	45	43	23	2682	2682	
1544	102	0	1	1550	1530	1544	2251	25	45	43	23	2682	2682	
1542	102	0	1	1550	1530	1542	2251	25	45	43	23	2682	2682	
1539	102	0	1	1550	1530	1539	2251	25	45	43	23	2682	2682	
1537	102	0	1	1550	1530	1537	2251	25	45	43	23	2682	2682	
1534	102	0	1	1550	1530	1534	2251	25	45	43	23	2682	2682	
1532	102	0	1	1550	1530	1532	2251	25	45	43	23	2682	2682	
1530	103	0	1	1530	1510	1530	2251	25	45	43	23	2682	2682	
1527	103	0	1	1530	1510	1527	2251	25	45	43	23	2682	2682	
1524	103	0	1	1530	1510	1524	2251	25	45	43	23	2682	2682	
1522	103	0	1	1530	1510	1522	2251	25	45	43	23	2682	2682	
1520	103	0	1	1530	1510	1520	2251	25	45	43	23	2682	2682	
1517	103	0	1	1530	1510	1517	2251	25	45	43	23	2682	2682	
1514	103	0	1	1530	1510	1514	2251	25	45	43	23	2682	2682	
1512	103	0	1	1530	1510	1512	2251	25	45	43	23	2682	2682	
1509	104	0	1	1510	1490	1509	2251	25	45	43	23	2682	2682	
1507	104	0	1	1510	1490	1507	2251	25	45	43	23	2682	2682	
1504	104	0	1	1510	1490	1504	2251	25	45	43	23	2682	2682	
1502	104	0	1	1510	1490	1502	2251	25	45	43	23	2682	2682	
1500	104	0	1	1510	1490	1500	2251	25	45	43	23	2682	2682	
1497	104	0	1	1510	1490	1497	2251	25	45	43	23	2682	2682	
1494	104	0	1	1510	1490	1494	2251	25	45	43	23	2682	2682	
1492	104	0	1	1510	1490	1492	2251	25	45	43	23	2682	2682	
1490	105	0	1	1490	1470	1490	2251	25	45	43	23	2682	2682	
1487	105	0	1	1490	1470	1487	2251	25	45	43	23	2682	2682	
1484	105	0	1	1490	1470	1484	2251	25	45	43	23	2682	2682	
1482	105	0	1	1490	1470	1482	2251	25	45	43	23	2682	2682	
1479	105	0	1	1490	1470	1479	2251	25	45	43	23	2682	2682	
1477	105	0	1	1490	1470	1477	2251	25	45	43	23	2682	2682	
1475	105	0	1	1490	1470	1475	2251	25	45	43	23	2682	2682	
1472	105	0	1	1490	1470	1472	2251	25	45	43	23	2682	2682	
1470	106	0	1	1470	1450	1470	2251	25	45	43	23	2682	2682	
1467	106	0	1	1470	1450	1467	2251	25	45	43	23	2682	2682	
1464	106	0	1	1470	1450	1464	2251	25	45	43	23	2682	2682	
1462	106	0	1	1470	1450	1462	2251	25	45	43	23	2682	2682	
1460	106	0	1	1470	1450	1460	2251	25	45	43	23	2682	2682	
1457	106	0	1	1470	1450	1457	2251	25	45	43	23	2682	2682	
1455	106	0	1	1470	1450	1455	2251	25	45	43	23	2682	2682	
1452	106	0	1	1470	1450	1452	2251	25	45	43	23	2682	2682	
1450	107	0	1	1450	1430	1450	2251	25	45	43	23	2682	2682	
1447	107	0	1	1450	1430	1447	2251	25	45	43	23	2682	2682	
1445	107	0	1	1450	1430	1445	2251	25	45	43	23	2682	2682	
1442	107	0	1	1450	1430	1442	2251	25	45	43	23	2682	2682	
1439	107	0	1	1450	1430	1439	2251	25	45	43	23	2682	2682	
1437	107	0	1	1450	1430	1437	2251	25	45	43	23	2682	2682	
1434	107	0	1	1450	1430	1434	2251	25	45	43	23	2682	2682	
1432	107	0	1	1450	1430	1432	2251	25	45	43	23	2682	2682	
1429	108	0	1	1430	1410	1429	2251	25	45	43	23	2682	2682	
1427	108	0	1	1430	1410	1427	2251	25	45	43	23	2682	2682	
1424	108	0	1	1430	1410	1424	2251	25	45	43	23	2682	2682	
1422	108	0	1	1430	1410	1422	2251	25	45	43	23	2682	2682	
1420	108	0	1	1430	1410	1420	2251	25	45	43	23	2682	2682	
1417	108	0	1	1430	1410	1417	2251	25	45	43	23	2682	2682	
1415	108	0	1	1430	1410	1415	2251	25	45	43	23	2682	2682	
1412	108	0	1	1430	1410	1412	2251	25	45	43	23	2682	2682	
1409	109	0	1	1410	1390	1409	2251	25	45	43	23	2682	2682	
1407	109	0	1	1410	1390	1407	2251	25	45	43	23	2682	2682	
1405	109	0	1	1410	1390	1405	2251	25	45	43	23	2682	2682	
1402	109	0	1	1410	1390	1402	2251	25	45	43	23	2682	2682	
1400	109	0	1	1410	1390	1400	2251	25	45	43	23	2682	2682	
1397	109	0	1	1410	1390	1397	2251	25	45	43	23	2682	2682	
1394	109	0	1	1410	1390	1394	2251	25	45	43	23	2682	2682	
1392	109	0	1	1410	1390	1392	2251	25	45	43	23	2682	2682	
1389	110	0	1	1390	1370	1389	2251	25	45	43	23	2682	2682	
1387	110	0	1	1390	1370	1387	2251	25	45	43	23	2682	2682	
1384	110	0	1	1390	1370	1384	2251	25	45	43	23	2682	2682	
1382	110	0	1	1390	1370	1382	2251	25	45	43	23	2682	2682	
1379	110	0	1	1390	1370	1379	2251	25	45	43	23	2682	2682	
1377	110	0	1	1390	1370	1377	2251	25	45	43	23	2682	2682	
1374	110	0	1	1390	1370	1374	2251	25	45	43	23	2682	2682	
1372	110	0	1	1390	1370	1372	2251	25	45	43	23	2682	2682	
1369	111	0	1	1370	1350	1369	2251	25	45	43	23	2682	2682	
1367	111	0	1	1370	1350	1367	2251	25	45	43	23	2682	2682	
1364	111	0	1	1370	1350	1364	2251	25	45	43	23	2682	2682	
1362	111	0	1	1370	1350	1362	2251	25	45	43	23	2682	2682	
1359	111	0	1	1370	1350	1359	2251	25	45	43	23	2682	2682	
1357	111	0	1	1370	1350	1357	2251	25	45	43	23	2682	2682	
1355	111	0	1	1370	1350	1355	2251	25	45	43	23	2682	2682	
1352	111	0	1	1370	1350	1352	2251	25	45	43	23	2682	2682	
1349	112	0	1	1350	1330	1349	2251	25	45	43	23	2682	2682	
1347	112	0	1	1350	1330	1347	2251	25	45	43	23	2682	2682	
1344	112	0	1	1350	1330	1344	2251	25	45	43	23	2682	2682	
1342	112	0	1	1350	1330	1342	2251	25	45	43	23	2682	2682	
1339	112	0	1	1350	1330	1339	2251	25	45	43	23	2682	2682	
1337	112	0	1	1350	1330	1337	2251	25	45	43	23	2682	2682	
1334	112	0	1	1350	1330	1334	2251	25	45	43	23	2682	2682	
1332	112	0	1	1350	1330	1332	2251	25	45	43	23	2682	2682	
1330	113	0	1	1330	1310	1330	2251	25	45	43	23	2682	2682	
1327	113	0	1	1330	1310	1327	2251	25	45	43	23	2682	2682	
1324	113	0	1	1330	1310	1324	2251	25	45	43	23	2682	2682	
1322	113	0	1	1330	1310	1322	2251	25	45	43	23	2682	2682	
1319	113	0	1	1330	1310	1319	2251	25	45	43	23	2682	2682	
1317	113	0	1	1330	1310	1317	2251	25	45	43	23	2682	2682	
1315	113	0	1	1330	1310	1315	2251	25	45	43	23	2682	2682	
1312	113	0	1	1330	1310	1312	2251	25	45	43	23	2682	2682	
1309	114	0	1	1310	1290	1309	2251	25	45	43	23	2682	2682	
1307	114	0	1	1310	1290	1307	2251	25	45	43	23	2682	2682	
1304	114	0	1	1310	1290	1304	2251	25	45	43	23	2682	2682	
1302	114	0	1	1310	1290	1302	2251	25	45	43	23	2682	2682	
1299	114	0	1	1310	1290	1299	2251	25	45	43	23	2682	2682	
1297	114	0	1	1310	1290	1297	2251	25	45	43	23	2682	2682	
1294	114	0	1	1310	1290	1294	2251	25	45	43	23	2682	2682	
1292	114	0	1	1310	1290	1292	2251	25	45	43	23	2682	2682	
1289	115	0	1	1290	1270	1289	2251	25	45	43	23	2682	2682	
1287	115	0	1	1290	1270	1287	2251	25	45	43	23	2682	2682	
1284	115	0	1	1290	1270	1284	2251	25	45	43	23	2682	2682	
1282	115	0	1	1290	1270	1282	2251	25	45	43	23	2682	2682	
1279	115	0	1	1290	1270	1279	2251	25	45	43	23	2682	2682	
1277	115	0	1	1290	1270	1277	2251	25	45	43	23	2682	2682	
1274	115	0	1	1290	1270	1274	2251	25	45	43	23	2682	2682	
1272	115	0	1	1290	1270	1272	2251	25	45	43	23	2682	2682	
1269	116	0	1	1270	1250	1269	2251	25	45	43	23	2682	2682	
1267	116	0	1	1270	1250	1267	2251	25	45	43	23	2682	2682	
1265	116	0	1	1270	1250	1265	2251	25	45	43	23	2682	2682	
1262	116	0	1	1270	1250	1262	2251	25	45	43	23	2682	2682	
1260	116	0	1	1270	1250	1260	2251	25	45	43	23	2682	2682	
1257	116	0	1	1270	1250	1257	2251	25	45	43	23	2682	2682	
1254	116	0	1	1270	1250	1254	2251	25	45	43	23	2682	2682	
1251	116	0	1	1270	1250	1251	2251	25	45	43	23	2682	2682	
1249	117	0	1	1250	1230	1249	2251	25	45	43	23	2682	2682	
1247	117	0	1	1250	1230	1247	2251	25	45	43	23	2682	2682	
1245	117	0	1	1250	1230	1245	2251	25	45	43	23	2682	2682	
1242	117	0	1	1250	1230	1242	2251	25	45	43	23	2682	2682	
1239	117	0	1	1250	1230	1239	2251	25	45	43	23	2682	2682	
1237	117	0	1	1250	1230	1237	2251	25	45	43	23	2682	2682	
1234	117	0	1	1250	1230	1234	2251	25	45	43	23	2682	2682	
1232	117	0	1	1250	1230	1232	2251	25	45	43	23	2682	2682	
1229	118	0	1	1230	1210	1229	2251	25	45	43	23	2682	2682	
1227	118	0	1	1230	1210	1227	2251	25	45	43	23	2682	2682	
1225	118	0	1	1230	1210	1225	2251	25	45	43	23	2682	2682	
1223	118	0	1	1230	1210	1223	2251	25	45	43	23	2682	2682	
1221	118	0	1	1230	1210	1221	2251	25	45	43	23	2682	2682	
1219	118	0	1	1230	1210	1219	2251	25	45	43	23	2682	2682	
1216	118	0	1	1230	1210	1216	2251	25	45	43	23	2682	2682	
1214	118	0	1	1230	1210	1214	2251	25	45	43	23	2682	2682	
1212	118	0	1	1230	1210	1212	2251	25	45	43	23	2682	2682	
1210	119	0	1	1210	1190	1210	2251	25	45	43	23	2682	2682	
1208	119	0	1	1210	1190	1208	2251	25	45	43	23	2682	2682	
1206	119	0	1	1210	1190	1206	2251	25	45	43	23	2682	2682	
1203	119	0	1	1210	1190	1203	2251	25	45	43	23	2682	2682	
1201	119	0	1	1210	1190	1201	2251	25	45	43	23	2682	2682	
1199	119	0	1	1210	1190	1199	2251	25	45	43	23	2682	2682	
1196	119	0	1	1210	1190	1196	2251	25	45	43	23	2682	2682	
1194	119	0	1	1210	1190	1194	2251	25	45	43	23	2682	2682	
1192	119	0	1	1210	1190	1192	2251	25	45	43	23	2682	2682	
1190	120	0	1	1190	1170	1190	2251	25	45	43	23	2682	2682	
1188	120	0	1	1190	1170	1188	2251	25	45	43	23	2682	2682	
1186	120	0	1	1190	1170	1186	2251	25	45	43	23	2682	2682	
1184	120	0	1	1190	1170	1184	2251	25	45	43	23	2682	2682	
1181	120	0	1	1190	1170	1181	2251	25	45	43	23	2682	2682	
1179	120	0	1	1190	1170	1179	2251	25	45	43	23	2682	2682	
1177	120	0	1	1190	1170	1177	2251	25	45	43	23	2682	2682	
1175	120	0	1	1190	1170	1175	2251	25	45	43	23	2682	2682	
1172	120	0	1	1190	1170	1172	2251	25	45	43	23	2682	2682	
1170	121	0	1	1170	1150	1170	2251	25	45	43	23	2682	2682	
1168	121	0	1	1170	1150	1168	2251	25	45	43	23	2682	2682	
1166	121	0	1	1170	1150	1166	2251	25	45	43	23	2682	2682	
1164	121	0	1	1170	1150	1164	2251	25	45	43	23	2682	2682	
1162	121	0	1	1170	1150	1162	2251	25	45	43	23	2682	2682	
1159	121	0	1	1170	1150	1159	2251	25	45	43	23	2682	2682	
1158	121	0	1	1170	1150	1158	2251	25	45	43	23	2682	2682	
1156	121	0	1	1170	1150	1156	2251	25	45	43	23	2682	2682	
1154	121	0	1	1170	1150	1154	2251	25	45	43	23	2682	2682	
1152	121	0	1	1170	1150	1152	2251	25	45	43	23	2682	2682	
1150	122	0	1	1150	1130	1150	2251	25	45	43	23	2682	2682	
1148	122	0	1	1150	1130	1148	2251	25	45	43	23	2682	2682	
1146	122	0	1	1150	1130	1146	2251	25	45	43	23	2682	2682	
1145	122	0	1	1150	1130	1145	2251	25	45	43	23	2682	2682	
1143	122	0	1	1150	1130	1143	2251	25	45	43	23	2682	2682	
1141	122	0	1	1150	1130	1141	2251	25	45	43	23	2682	2682	
1139	122	0	1	1150	1130	1139	2251	25	45	43	23	2682	2682	
1137	122	0	1	1150	1130	1137	2251	25	45	43	23	2682	2682	
1135	122	0	1	1150	1130	1135	2251	25	45	43	23	2682	2682	
1133	122	0	1	1150	1130	1133	2251	25	45	43	23	2682	2682	
1131	122	0	1	1150	1130	1131	2251	25	45	43	23	2682	2682	
1129	123	0	1	1130	1110	1129	2251	25	45	43	23	2682	2682	
1127	123	0	1	1130	1110	1127	2251	25	45	43	23	2682	2682	
1125	123	0	1	1130	1110	1125	2251	25	45	43	23	2682	2682	
1123	123	0	1	1130	1110	1123	2251	25	45	43	23	2682	2682	
1120	123	0	1	1130	1110	1120	2251	25	45	43	23	2682	2682	
1118	123	0	1	1130	1110	1118	2251	25	45	43	23	2682	2682	
1116	123	0	1	1130	1110	1116	2251	25	45	43	23	2682	2682	
1114	123	0	1	1130	1110	1114	2251	25	45	43	23	2682	2682	
1111	123	0	1	1130	1110	1111	2251	25	45	43	23	2682	2682	
1109	124	0	1	1110	1090	1109	2251	25	45	43	23	2682	2682	
1107	124	0	1	1110	1090	1107	2251	25	45	43	23	2682	2682	
1105	124	0	1	1110	1090	1105	2251	25	45	43	23	2682	2682	
1102	124	0	1	1110	1090	1102	2251	25	45	43	23	2682	2682	
1100	124	0	1	1110	1090	1100	2251	25	45	43	23	2682	2682	
1098	124	0	1	1110	1090	1098	2251	25	45	43	23	2682	2682	
1096	124	0	1	1110	1090	1096	2251	25	45	43	23	2682	2682	
1094	124	0	1	1110	1090	1094	2251	25	45	43	23	2682	2682	
1092	124	0	1	1110	1090	1092	2251	25	45	43	23	2682	2682	
1090	125	0	1	1090	1070	1090	2251	25	45	43	23	2682	2682	
1087	125	0	1	1090	1070	1087	2251	25	45	43	23	2682	2682	
1084	125	0	1	1090	1070	1084	2251	25	45	43	23	2682	2682	
1082	125	0	1	1090	1070	1082	2251	25	45	43	23	2682	2682	
1079	125	0	1	1090	1070	1079	2251	25	45	43	23	2682	2682	
1077	125	0	1	1090	1070	1077	2251	25	45	43	23	2682	2682	
1074	125	0	1	1090	1070	1074	2251	25	45	43	23	2682	2682	
1072	125	0	1	1090	1070	1072	2251	25	45	43	23	2682	2682	
1069	126	0	1	1070	1050	1069	2251	25	45	43	23	2682	2682	
1067	126	0	1	1070	1050	1067	2251	25	45	43	23	2682	2682	
1064	126	0	1	1070	1050	1064	2251	25	45	43	23	2682	2682	
1061	126	0	1	1070	1050	1061	2251	25	45	43	23	2682	2682	
1059	126	0	1	1070	1050	1059	2251	25	45	43	23	2682	2682	
1057	126	0	1	1070	1050	1057	2251	25	45	43	23	2682	2682	
1055	126	0	1	1070	1050	1055	2251	25	45	43	23	2682	2682	
1052	126	0	1	1070	1050	1052	2251	25	45	43	23	2682	2682	
1049	127	0	1	1050	1030	1049	2251	25	45	43	23	2682	2682	
1047	127	0	1	1050	1030	1047	2251	25	45	43	23	2682	2682	
1044	127	0	1	1050	1030	1044	2251	25	45	43	23	2682	2682	
1042	127	0	1	1050	1030	1042	2251	25	45	43	23	2682	2682	
1039	127	0	1	1050	1030	1039	2251	25	45	43	23	2682	2682	
1037	127	0	1	1050	1030	1037	2251	25	45	43	23	2682	2682	
1034	127	0	1	1050	1030	1034	2251	25	45	43	23	2682	2682	
1032	127	0	1	1050	1030	1032	2251	25	45	43	23	2682	2682	
1029	128	0	1	1030	1010	1029	2251	25	45	43	23	2682	2682	
1027	128	0	1	1030	1010	1027	2251	25	45	43	23	2682	2682	
1024	128	0	1	1030	1010	1024	2251	25	45	43	23	2682	2682	
1022	128	0	1	1030	1010	1022	2251	25	45	43	23	2682	2682	
1020	128	0	1	1030	1010	1020	2251	25	45	43	23	2682	2682	
1017	128	0	1	1030	1010	1017	2251	25	45	43	23	2682	2682	
1014	128	0	1	1030	1010	1014	2251	25	45	43	23	2682	2682	
1012	128	0	1	1030	1010	1012	2251	25	45	43	23	2682	2682	
1009	129	0	1	1010	990	1009	2251	25	45	43	23	2682	2682	
1007	129	0	1	1010	990	1007	2251	25	45	43	23	2682	2682	
1004	129	0	1	1010	990	1004	2251	25	45	43	23	2682	2682	
1002	129	0	1	1010	990	1002	2251	25	45	43	23	2682	2682	
1000	129	0	1	1010	990	1000	2251	25	45	43	23	2682	2682	
997	129	0	1	1010	990	997	2251	25	45	43	23	2682	2682	
994	129	0	1	1010	990	994	2251	25	45	43	23	2682	2682	
992	129	0	1	1010	990	992	2251	25	45	43	23	2682	2682	
989	130	0	1	990	970	989	2251	25	45	43	23	2682	2682	
987	130	0	1	990	970	987	2251	25	45	43	23	2682	2682	
984	130	0	1	990	970	984	2251	25	45	43	23	2682	2682	
982	130	0	1	990	970	982	2251	25	45	43	23	2682	2682	
979	130	0	1	990	970	979	2251	25	45	43	23	2682	2682	
977	130	0	1	990	970	977	2251	25	45	43	23	2682	2682	
974	130	0	1	990	970	974	2251	25	45	43	23	2682	2682	
972	130	0	1	990	970	972	2251	25	45	43	23	2682	2682	
969	131	0	1	970	950	969	2251	25	45	43	23	2682	2682	
966	131	0	1	970	950	966	2251	25	45	43	23	2682	2682	
964	131	0	1	970	950	964	2251	25	45	43	23	2682	2682	
962	131	0	1	970	950	962	2251	25	45	43	23	2682	2682	
959	131	0	1	970	950	959	2251	25	45	43	23	2682	2682	
957	131	0	1	970	950	957	2251	25	45	43	23	2682	2682	
954	131	0	1	970	950	954	2251	25	45	43	23	2682	2682	
952	131	0	1	970	950	952	2251	25	45	43	23	2682	2682	
949	132	0	1	950	930	949	2251	25	45	43	23	2682	2682	
947	132	0	1	950	930	947	2251	25	45	43	23	2682	2682	
944	132	0	1	950	930	944	2251	25	45	43	23	2682	2682	
942	132	0	1	950	930	942	2251	25	45	43	23	2682	2682	
939	132	0	1	950	930	939	2251	25	45	43	23	2682	2682	
937	132	0	1	950	930	937	2251	25	45	43	23	2682	2682	
934	132	0	1	950	930	934	2251	25	45	43	23	2682	2682	
932	132	0	1	950	930	932	2251	25	45	43	23	2682	2682	
930	133	0	1	930	910	930	2251	25	45	43	23	2682	2682	
927	133	0	1	930	910	927	2251	25	45	43	23	2682	2682	
924	133	0	1	930	910	924	2251	25	45	43	23	2682	2682	
922	133	0	1	930	910	922	2251	25	45	43	23	2682	2682	
919	133	0	1	930	910	919	2251	25	45	43	23	2682	2682	
917	133	0	1	930	910	917	2251	25	45	43	23	2682	2682	
914	133	0	1	930	910	914	2251	25	45	43	23	2682	2682	
912	133	0	1	930	910	912	2251	25	45	43	23	2682	2682	
909	134	0	1	910	890	909	2251	25	45	43	23	2682	2682	
907	134	0	1	910	890	907	2251	25	45	43	23	2682	2682	
904	134	0	1	910	890	904	2251	25	45	43	23	2682	2682	
902	134	0	1	910	890	902	2251	25	45	43	23	2682	2682	
899	134	0	1	910	890	899	2251	25	45	43	23	2682	2682	
897	134	0	1	910	890	897	2251	25	45	43	23	2682	2682	
894	134	0	1	910	890	894	2251	25	45	43	23	2682	2682	
892	134	0	1	910	890	892	2251	25	45	43	23	2682	2682	
890	135	0	1	890	870	890	2251	25	45	43	23	2682	2682	
887	135	0	1	890	870	887	2251	25	45	43	23	2682	2682	
884	135	0	1	890	870	884	2251	25	45	43	23	2682	2682	
882	135	0	1	890	870	882	2251	25	45	43	23	2682	2682	
880	135	0	1	890	870	880	2251	25	45	43	23	2682	2682	
877	135	0	1	890	870	877	2251	25	45	43	23	2682	2682	
875	135	0	1	890	870	875	2251	25	45	43	23	2682	2682	
872	135	0	1	890	870	872	2251	25	45	43	23	2682	2682	
870	136	0	1	870	850	870	2251	25	45	43	23	2682	2682	
867	136	0	1	870	850	867	2251	25	45	43	23	2682	2682	
864	136	0	1	870	850	864	2251	25	45	43	23	2682	2682	
862	136	0	1	870	850	862	2251	25	45	43	23	2682	2682	
859	136	0	1	870	850	859	2251	25	45	43	23	2682	2682	
857	136	0	1	870	850	857	2251	25	45	43	23	2682	2682	
855	136	0	1	870	850	855	2251	25	45	43	23	2682	2682	
852	136	0	1	870	850	852	2251	25	45	43	23	2682	2682	
849	137	0	1	850	830	849	2251	25	45	43	23	2682	2682	
847	137	0	1	850	830	847	2251	25	45	43	23	2682	2682	
845	137	0	1	850	830	845	2251	25	45	43	23	2682	2682	
843	137	0	1	850	830	843	2251	25	45	43	23	2682	2682	
840	137	0	1	850	830	840	2251	25	45	43	23	2682	2682	
837	137	0	1	850	830	837	2251	25	45	43	23	2682	2682	
834	137	0	1	850	830	834	2251	25	45	43	23	2682	2682	
832	137	0	1	850	830	832	2251	25	45	43	23	2682	2682	
829	138	0	1	830	810	829	2251	25	45	43	23	2682	2682	
827	138	0	1	830	810	827	2251	25	45	43	23	2682	2682	
824	138	0	1	830	810	824	2251	25	45	43	23	2682	2682	
822	138	0	1	830	810	822	2251	25	45	43	23	2682	2682	
820	138	0	1	830	810	820	2251	25	45	43	23	2682	2682	
817	138	0	1	830	810	817	2251	25	45	43	23	2682	2682	
815	138	0	1	830	810	815	2251	25	45	43	23	2682	2682	
812	138	0	1	830	810	812	2251	25	45	43	23	2682	2682	
810	139	0	1	810	790	810	2251	25	45	43	23	2682	2682	
807	139	0	1	810	790	807	2251	25	45	43	23	2682	2682	
804	139	0	1	810	790	804	2251	25	45	43	23	2682	2682	
802	139	0	1	810	790	802	2251	25	45	43	23	2682	2682	
800	139	0	1	810	790	800	2251	25	45	43	23	2682	2682	
797	139	0	1	810	790	797	2251	25	45	43	23	2682	2682	
794	139	0	1	810	790	794	2250	25	45	43	23	2682	2682	
792	139	0	1	810	790	792	2250	25	45	43	23	2682	2682	
789	140	0	1	790	770	789	2251	25	45	43	23	2682	2682	
787	140	0	1	790	770	787	2251	25	45	43	23	2682	2682	
785	140	0	1	790	770	785	2251	25	45	43	23	2682	2682	
782	140	0	1	790	770	782	2250	25	45	43	23	2682	2682	
780	140	0	1	790	770	780	2250	25	45	43	23	2682	2682	
777	140	0	1	790	770	777	2251	25	45	43	23	2682	2682	
775	140	0	1	790	770	775	2251	25	45	43	23	2682	2682	
772	140	0	1	790	770	772	2251	25	45	43	23	2682	2682	
769	141	0	1	770	750	769	2251	25	45	43	23	2682	2682	
767	141	0	1	770	750	767	2251	25	45	43	23	2682	2682	
764	141	0	1	770	750	764	2251	25	45	43	23	2682	2682	
762	141	0	1	770	750	762	2251	25	45	43	23	2682	2682	
760	141	0	1	770	750	760	2251	25	45	43	23	2682	2682	
757	141	0	1	770	750	757	2251	25	45	43	23	2682	2682	
755	141	0	1	770	750	755	2251	25	45	43	23	2682	2682	
753	141	0	1	770	750	753	2251	25	45	43	23	2682	2682	
750	142	0	1	750	730	750	2251	25	45	43	23	2682	2682	
748	142	0	1	750	730	748	2251	25	45	43	23	2682	2682	
745	142	0	1	750	730	745	2251	25	45	43	23	2682	2682	
743	142	0	1	750	730	743	2251	25	45	43	23	2682	2682	
741	142	0	1	750	730	741	2251	25	45	43	23	2682	2682	
739	142	0	1	750	730	739	2251	25	45	43	23	2682	2682	
737	142	0	1	750	730	737	2251	25	45	43	23	2682	2682	
735	142	0	1	750	730	735	2251	25	45	43	23	2682	2682	
734	142	0	1	750	730	734	2251	25	45	43	23	2682	2682	
732	142	0	1	750	730	732	2251	25	45	43	23	2682	2682	
730	143	0	1	730	710	730	2251	25	45	43	23	2682	2682	
729	143	0	1	730	710	729	2251	25	45	43	23	2682	2682	
727	143	0	1	730	710	727	2251	25	45	43	23	2682	2682	
726	143	0	1	730	710	726	2251	25	45	43	23	2682	2682	
724	143	0	1	730	710	724	2251	25	45	43	23	2682	2682	
722	143	0	1	730	710	722	2251	25	45	43	23	2682	2682	
721	143	0	1	730	710	721	2251	25	45	43	23	2682	2682	
719	143	0	1	730	710	719	2251	25	45	43	23	2682	2682	
717	143	0	1	730	710	717	2251	25	45	43	23	2682	2682	
715	143	0	1	730	710	715	2251	25	45	43	23	2682	2682	
714	143	0	1	730	710	714	2251	25	45	43	23	2682	2682	
712	143	0	1	730	710	712	2251	25	45	43	23	2682	2682	
710	144	0	1	710	690	710	2251	25	45	43	23	2682	2682	
708	144	0	1	710	690	708	2251	25	45	43	23	2682	2682	
706	144	0	1	710	690	706	2251	25	45	43	23	2682	2682	
704	144	0	1	710	690	704	2251	25	45	43	23	2682	2682	
702	144	0	1	710	690	702	2251	25	45	43	23	2682	2682	
700	144	0	1	710	690	700	2251	25	45	43	23	2682	2682	
698	144	0	1	710	690	698	2251	25	45	43	23	2682	2682	
696	144	0	1	710	690	696	2251	25	45	43	23	2682	2682	
694	144	0	1	710	690	694	2251	25	45	43	23	2682	2682	
692	144	0	1	710	690	692	2251	25	45	43	23	2682	2682	
690	145	0	1	690	670	690	2251	25	45	43	23	2682	2682	
688	145	0	1	690	670	688	2251	25	45	43	23	2682	2682	
685	145	0	1	690	670	685	2251	25	45	43	23	2682	2682	
683	145	0	1	690	670	683	2251	25	45	43	23	2682	2682	
680	145	0	1	690	670	680	2251	25	45	43	23	2682	2682	
678	145	0	1	690	670	678	2251	25	45	43	23	2682	2682	
675	145	0	1	690	670	675	2251	25	45	43	23	2682	2682	
673	145	0	1	690	670	673	2251	25	45	43	23	2682	2682	
671	145	0	1	690	670	671	2251	25	45	43	23	2682	2682	
668	146	0	1	670	650	668	2251	25	45	43	23	2682	2682	
665	146	0	1	670	650	665	2251	25	45	43	23	2682	2682	
663	146	0	1	670	650	663	2251	25	45	43	23	2682	2682	
660	146	0	1	670	650	660	2250	25	45	43	23	2682	2682	
658	146	0	1	670	650	658	2250	25	45	43	23	2682	2682	
655	146	0	1	670	650	655	2251	25	45	43	23	2682	2682	
653	146	0	1	670	650	653	2251	25	45	43	23	2682	2682	
651	146	0	1	670	650	651	2251	25	45	43	23	2682	2682	
648	147	0	1	650	630	648	2251	25	45	43	23	2682	2682	
645	147	0	1	650	630	645	2251	25	45	43	23	2682	2682	
643	147	0	1	650	630	643	2251	25	45	43	23	2682	2682	
640	147	0	1	650	630	640	2251	25	45	43	23	2682	2682	
637	147	0	1	650	630	637	2251	25	45	43	23	2682	2682	
635	147	0	1	650	630	635	2251	25	45	43	23	2682	2682	
632	147	0	1	650	630	632	2251	25	45	43	23	2682	2682	
630	148	0	1	630	610	630	2251	25	45	43	23	2682	2682	
628	148	0	1	630	610	628	2251	25	45	43	23	2682	2682	
625	148	0	1	630	610	625	2251	25	45	43	23	2682	2682	
622	148	0	1	630	610	622	2251	25	45	43	23	2682	2682	
619	148	0	1	630	610	619	2251	25	45	43	23	2682	2682	
617	148	0	1	630	610	617	2251	25	45	43	23	2682	2682	
615	148	0	1	630	610	615	2251	25	45	43	23	2682	2682	
612	148	0	1	630	610	612	2251	25	45	43	23	2682	2682	
610	149	0	1	610	590	610	2251	25	45	43	23	2682	2682	
608	149	0	1	610	590	608	2251	25	45	43	23	2682	2682	
605	149	0	1	610	590	605	2251	25	45	43	23	2682	2682	
602	149	0	1	610	590	602	2251	25	45	43	23	2682	2682	
600	149	0	1	610	590	600	2251	25	45	43	23	2682	2682	
598	149	0	1	610	590	598	2251	25	45	43	23	2682	2682	
595	149	0	1	610	590	595	2251	25	45	43	23	2682	2682	
592	149	0	1	610	590	592	2251	25	45	43	23	2682	2682	
590	150	0	1	590	570	590	2251	25	45	43	23	2682	2682	
587	150	0	1	590	570	587	2251	25	45	43	23	2682	2682	
585	150	0	1	590	570	585	2251	25	45	43	23	2682	2682	
582	150	0	1	590	570	582	2251	25	45	43	23	2682	2682	
580	150	0	1	590	570	580	2251	25	45	43	23	2682	2682	
577	150	0	1	590	570	577	2251	25	45	43	23	2682	2682	
575	150	0	1	590	570	575	2251	25	45	43	23	2682	2682	
572	150	0	1	590	570	572	2251	25	45	43	23	2682	2682	
570	151	0	1	570	550	570	2251	25	45	43	23	2682	2682	
567	151	0	1	570	550	567	2251	25	45	43	23	2682	2682	
565	151	0	1	570	550	565	2250	25	45	43	23	2682	2682	
562	151	0	1	570	550	562	2250	25	45	43	23	2682	2682	
560	151	0	1	570	550	560	2251	25	45	43	23	2682	2682	
557	151	0	1	570	550	557	2251	25	45	43	23	2682	2682	
555	151	0	1	570	550	555	2251	25	45	43	23	2682	2682	
552	151	0	1	570	550	552	2251	25	45	43	23	2682	2682	
549	152	0	1	550	530	549	2251	25	45	43	23	2682	2682	
547	152	0	1	550	530	547	2251	25	45	43	23	2682	2682	
545	152	0	1	550	530	545	2251	25	45	43	23	2682	2682	
542	152	0	1	550	530	542	2251	25	45	43	23	2682	2682	
540	152	0	1	550	530	540	2251	25	45	43	23	2682	2682	
537	152	0	1	550	530	537	2251	25	45	43	23	2682	2682	
535	152	0	1	550	530	535	2251	25	45	43	23	2682	2682	
532	152	0	1	550	530	532	2251	25	45	43	23	2682	2682	
530	153	0	1	530	510	530	2251	25	45	43	23	2682	2682	
527	153	0	1	530	510	527	2251	25	45	43	23	2682	2682	
524	153	0	1	530	510	524	2251	25	45	43	23	2682	2682	
522	153	0	1	530	510	522	2251	25	45	43	23	2682	2682	
519	153	0	1	530	510	519	2251	25	45	43	23	2682	2682	
517	153	0	1	530	510	517	2251	25	45	43	23	2682	2682	
515	153	0	1	530	510	515	2251	25	45	43	23	2682	2682	
512	153	0	1	530	510	512	2251	25	45	43	23	2682	2682	
510	154	0	1	510	490	510	2251	25	45	43	23	2682	2682	
507	154	0	1	510	490	507	2251	25	45	43	23	2682	2682	
504	154	0	1	510	490	504	2251	25	45	43	23	2682	2682	
501	154	0	1	510	490	501	2251	25	45	43	23	2682	2682	
499	154	0	1	510	490	499	2251	25	45	43	23	2682	2682	
497	154	0	1	510	490	497	2251	25	45	43	23	2682	2682	
494	154	0	1	510	490	494	2251	25	45	43	23	2682	2682	
492	154	0	1	510	490	492	2251	25	45	43	23	2682	2682	
489	155	0	1	490	470	489	2251	25	45	43	23	2682	2682	
487	155	0	1	490	470	487	2251	25	45	43	23	2682	2682	
484	155	0	1	490	470	484	2251	25	45	43	23	2682	2682	
482	155	0	1	490	470	482	2251	25	45	43	23	2682	2682	
479	155	0	1	490	470	479	2251	25	45	43	23	2682	2682	
477	155	0	1	490	470	477	2251	25	45	43	23	2682	2682	
474	155	0	1	490	470	474	2251	25	45	43	23	2682	2682	
472	155	0	1	490	470	472	2251	25	45	43	23	2682	2682	
470	156	0	1	470	450	470	2251	25	45	43	23	2682	2682	
467	156	0	1	470	450	467	2251	25	45	43	23	2682	2682	
465	156	0	1	470	450	465	2251	25	45	43	23	2682	2682	
462	156	0	1	470	450	462	2251	25	45	43	23	2682	2682	
459	156	0	1	470	450	459	2251	25	45	43	23	2682	2682	
457	156	0	1	470	450	457	2251	25	45	43	23	2682	2682	
454	156	0	1	470	450	454	2251	25	45	43	23	2682	2682	
452	156	0	1	470	450	452	2251	25	45	43	23	2682	2682	
450	157	0	1	450	430	450	2251	25	45	43	23	2682	2682	
447	157	0	1	450	430	447	2251	25	45	43	23	2682	2682	
445	157	0	1	450	430	445	2251	25	45	43	23	2682	2682	
442	157	0	1	450	430	442	2251	25	45	43	23	2682	2682	
440	157	0	1	450	430	440	2251	25	45	43	23	2682	2682	
437	157	0	1	450	430	437	2251	25	45	43	23	2682	2682	
434	157	0	1	450	430	434	2251	25	45	43	23	2682	2682	
432	157	0	1	450	430	432	2251	25	45	43	23	2682	2682	
429	158	0	1	430	410	429	2251	25	45	43	23	2682	2682	
427	158	0	1	430	410	427	2251	25	45	43	23	2682	2682	
424	158	0	1	430	410	424	2251	25	45	43	23	2682	2682	
422	158	0	1	430	410	422	2251	25	45	43	23	2682	2682	
420	158	0	1	430	410	420	2251	25	45	43	23	2682	2682	
417	158	0	1	430	410	417	2251	25	45	43	23	2682	2682	
415	158	0	1	430	410	415	2251	25	45	43	23	2682	2682	
412	158	0	1	430	410	412	2251	25	45	43	23	2682	2682	
410	159	0	1	410	390	410	2251	25	45	43	23	2682	2682	
407	159	0	1	410	390	407	2251	25	45	43	23	2682	2682	
405	159	0	1	410	390	405	2251	25	45	43	23	2682	2682	
403	159	0	1	410	390	403	2251	25	45	43	23	2682	2682	
400	159	0	1	410	390	400	2251	25	45	43	23	2682	2682	
397	159	0	1	410	390	397	2251	25	45	43	23	2682	2682	
395	159	0	1	410	390	395	2251	25	45	43	23	2682	2682	
392	159	0	1	410	390	392	2251	25	45	43	23	2682	2682	
390	160	0	1	390	370	390	2251	25	45	43	23	2682	2682	
387	160	0	1	390	370	387	2251	25	45	43	23	2682	2682	
385	160	0	1	390	370	385	2251	25	45	43	23	2682	2682	
383	160	0	1	390	370	383	2251	25	45	43	23	2682	2682	
380	160	0	1	390	370	380	2251	25	45	43	23	2682	2682	
377	160	0	1	390	370	377	2251	25	45	43	23	2682	2682	
375	160	0	1	390	370	375	2251	25	45	43	23	2682	2682	
372	160	0	1	390	370	372	2251	25	45	43	23	2682	2682	
370	161	0	1	370	350	370	2251	25	45	43	23	2682	2682	
367	161	0	1	370	350	367	2251	25	45	43	23	2682	2682	
365	161	0	1	370	350	365	2251	25	45	43	23	2682	2682	
362	161	0	1	370	350	362	2251	25	45	43	23	2682	2682	
360	161	0	1	370	350	360	2251	25	45	43	23	2682	2682	
357	161	0	1	370	350	357	2251	25	45	43	23	2682	2682	
355	161	0	1	370	350	355	2251	25	45	43	23	2682	2682	
352	161	0	1	370	350	352	2251	25	45	43	23	2682	2682	
350	162	0	1	350	330	350	2251	25	45	43	23	2682	2682	
347	162	0	1	350	330	347	2251	25	45	43	23	2682	2682	
345	162	0	1	350	330	345	2251	25	45	43	23	2682	2682	
342	162	0	1	350	330	342	2251	25	45	43	23	2682	2682	
339	162	0	1	350	330	339	2251	25	45	43	23	2682	2682	
337	162	0	1	350	330	337	2251	25	45	43	23	2682	2682	
335	162	0	1	350	330	335	2251	25	45	43	23	2682	2682	
332	162	0	1	350	330	332	2251	25	45	43	23	2682	2682	
330	163	0	1	330	310	330	2251	25	45	43	23	2682	2682	
327	163	0	1	330	310	327	2251	25	45	43	23	2682	2682	
325	163	0	1	330	310	325	2251	25	45	43	23	2682	2682	
322	163	0	1	330	310	322	2251	25	45	43	23	2682	2682	
319	163	0	1	330	310	319	2250	25	45	43	23	2682	2682	
317	163	0	1	330	310	317	2250	25	45	43	23	2682	2682	
315	163	0	1	330	310	315	2251	25	45	43	23	2682	2682	
313	163	0	1	330	310	313	2251	25	45	43	23	2682	2682	
310	164	0	1	310	290	310	2251	25	45	43	23	2682	2682	
307	164	0	1	310	290	307	2251	25	45	43	23	2682	2682	
305	164	0	1	310	290	305	2251	25	45	43	23	2682	2682	
302	164	0	1	310	290	302	2251	25	45	43	23	2682	2682	
300	164	0	1	310	290	300	2251	25	45	43	23	2682	2682	
297	164	0	1	310	290	297	2251	25	45	43	23	2682	2682	
295	164	0	1	310	290	295	2251	25	45	43	23	2682	2682	
292	164	0	1	310	290	292	2251	25	45	43	23	2682	2682	
290	165	0	1	290	270	290	2251	25	45	43	23	2682	2682	
288	165	0	1	290	270	288	2251	25	45	43	23	2682	2682	
285	165	0	1	290	270	285	2251	25	45	43	23	2682	2682	
282	165	0	1	290	270	282	2251	25	45	43	23	2682	2682	
280	165	0	1	290	270	280	2251	25	45	43	23	2682	2682	
277	165	0	1	290	270	277	2251	25	45	43	23	2682	2682	
275	165	0	1	290	270	275	2251	25	45	43	23	2682	2682	
272	165	0	1	290	270	272	2251	25	45	43	23	2682	2682	
270	166	0	1	270	250	270	2251	25	45	43	23	2682	2682	
267	166	0	1	270	250	267	2251	25	45	43	23	2682	2682	
265	166	0	1	270	250	265	2251	25	45	43	23	2682	2682	
262	166	0	1	270	250	262	2251	25	45	43	23	2682	2682	
259	166	0	1	270	250	259	2251	25	45	43	23	2682	2682	
257	166	0	1	270	250	257	2251	25	45	43	23	2682	2682	
255	166	0	1	270	250	255	2251	25	45	43	23	2682	2682	
252	166	0	1	270	250	252	2251	25	45	43	23	2682	2682	
250	167	0	1	250	230	250	2251	25	45	43	23	2682	2682	
248	167	0	1	250	230	248	2251	25	45	43	23	2682	2682	
245	167	0	1	250	230	245	2251	25	45	43	23	2682	2682	
242	167	0	1	250	230	242	2251	25	45	43	23	2682	2682	
240	167	0	1	250	230	240	2251	25	45	43	23	2682	2682	
237	167	0	1	250	230	237	2251	25	45	43	23	2682	2682	
235	167	0	1	250	230	235	2251	25	45	43	23	2682	2682	
233	167	0	1	250	230	233	2251	25	45	43	23	2682	2682	
230	168	0	1	230	210	230	2251	25	45	43	23	2682	2682	
227	168	0	1	230	210	227	2251	25	45	43	23	2682	2682	
225	168	0	1	230	210	225	2251	25	45	43	23	2682	2682	
222	168	0	1	230	210	222	2251	25	45	43	23	2682	2682	
220	168	0	1	230	210	220	2251	25	45	43	23	2682	2682	
217	168	0	1	230	210	217	2251	25	45	43	23	2682	2682	
214	168	0	1	230	210	214	2251	25	45	43	23	2682	2682	
212	168	0	1	230	210	212	2251	25	45	43	23	2682	2682	
210	169	0	1	210	190	210	2251	25	45	43	23	2682	2682	
208	169	0	1	210	190	208	2251	25	45	43	23	2682	2682	
205	169	0	1	210	190	205	2251	25	45	43	23	2682	2682	
202	169	0	1	210	190	202	2251	25	45	43	23	2682	2682	
200	169	0	1	210	190	200	2251	25	45	43	23	2682	2682	
197	169	0	1	210	190	197	2251	25	45	43	23	2682	2682	
195	169	0	1	210	190	195	2251	25	45	43	23	2682	2682	
193	169	0	1	210	190	193	2251	25	45	43	23	2682	2682	
190	170	0	1	190	170	190	2251	25	45	43	23	2682	2682	
187	170	0	1	190	170	187	2251	25	45	43	23	2682	2682	
185	170	0	1	190	170	185	2251	25	45	43	23	2682	2682	
182	170	0	1	190	170	182	2251	25	45	43	23	2682	2682	
180	170	0	1	190	170	180	2251	25	45	43	23	2682	2682	
177	170	0	1	190	170	177	2251	25	45	43	23	2682	2682	
175	170	0	1	190	170	175	2251	25	45	43	23	2682	2682	
172	170	0	1	190	170	172	2251	25	45	43	23	2682	2682	
170	171	0	1	170	150	170	2251	25	45	43	23	2682	2682	
167	171	0	1	170	150	167	2251	25	45	43	23	2682	2682	
164	171	0	1	170	150	164	2251	25	45	43	23	2682	2682	
162	171	0	1	170	150	162	2251	25	45	43	23	2682	2682	
160	171	0	1	170	150	160	2251	25	45	43	23	2682	2682	
157	171	0	1	170	150	157	2251	25	45	43	23	2682	2682	
155	171	0	1	170	150	155	2250	25	45	43	23	2682	2682	
152	171	0	1	170	150	152	2250	25	45	43	23	2682	2682	
149	172	0	1	150	130	149	2251	25	45	43	23	2682	2682	
147	172	0	1	150	130	147	2251	25	45	43	23	2682	2682	
144	172	0	1	150	130	144	2251	25	45	43	23	2682	2682	
142	172	0	1	150	130	142	2251	25	45	43	23	2682	2682	
140	172	0	1	150	130	140	2251	25	45	43	23	2682	2682	
137	172	0	1	150	130	137	2251	25	45	43	23	2682	2682	
134	172	0	1	150	130	134	2251	25	45	43	23	2682	2682	
132	172	0	1	150	130	132	2251	25	45	43	23	2682	2682	
130	173	0	1	130	110	130	2251	25	45	43	23	2682	2682	
127	173	0	1	130	110	127	2251	25	45	43	23	2682	2682	
124	173	0	1	130	110	124	2251	25	45	43	23	2682	2682	
122	173	0	1	130	110	122	2251	25	45	43	23	2682	2682	
120	173	0	1	130	110	120	2251	25	45	43	23	2682	2682	
117	173	0	1	130	110	117	2251	25	45	43	23	2682	2682	
114	173	0	1	130	110	114	2251	25	45	43	23	2682	2682	
112	173	0	1	130	110	112	2251	25	45	43	23	2682	2682	
109	174	0	1	110	90	109	2251	25	45	43	23	2682	2682	
107	174	0	1	110	90	107	2251	25	45	43	23	2682	2682	
104	174	0	1	110	90	104	2251	25	45	43	23	2682	2682	
102	174	0	1	110	90	102	2250	25	45	43	23	2682	2682	
99	174	0	1	110	90	99	2250	25	45	43	23	2682	2682	
97	174	0	1	110	90	97	2251	25	45	43	23	2682	2682	
95	174	0	1	110	90	95	2251	25	45	43	23	2682	2682	
92	174	0	1	110	90	92	2250	25	45	43	23	2682	2682	
89	175	0	1	90	70	89	2250	25	45	43	23	2682	2682	
87	175	0	1	90	70	87	2251	25	45	43	23	2682	2682	
84	175	0	1	90	70	84	2251	25	45	43	23	2682	2682	
82	175	0	1	90	70	82	2251	25	45	43	23	2682	2682	
79	175	0	1	90	70	79	2250	25	45	43	23	2682	2682	
77	175	0	1	90	70	77	2250	25	45	43	23	2682	2682	
74	175	0	1	90	70	74	2251	25	45	43	23	2682	2682	
72	175	0	1	90	70	72	2251	25	45	43	23	2682	2682	
69	176	0	1	70	50	69	2250	25	45	43	23	2682	2682	
67	176	0	1	70	50	67	2250	25	45	43	23	2682	2682	
65	176	0	1	70	50	65	2251	25	45	43	23	2682	2682	
62	176	0	1	70	50	62	2251	25	45	43	23	2682	2682	
59	176	0	1	70	50	59	2250	25	45	43	23	2682	2682	
57	176	0	1	70	50	57	2250	25	45	43	23	2682	2682	
54	176	0	1	70	50	54	2250	25	45	43	23	2682	2682	
52	176	0	1	70	50	52	2250	25	45	43	23	2682	2682	
50	177	0	1	50	30	50	2250	25	45	43	23	2682	2682	
48	177	0	1	50	30	48	2251	25	45	43	23	2682	2682	
45	177	0	1	50	30	45	2251	25	45	43	23	2682	2682	
42	177	0	1	50	30	42	2251	25	45	43	23	2682	2682	
39	177	0	1	50	30	39	2250	25	45	43	23	2682	2682	
37	177	0	1	50	30	37	2250	25	45	43	23	2682	2682	
34	177	0	0	50	30	34	2251	25	45	43	23	2682	2682	
